,wavelength,intensity
0,200.0,0.0
1,200.1,0.0
2,200.2,0.0
3,200.3,0.0
4,200.4,0.0
5,200.5,0.0
6,200.6,0.0
7,200.7,0.0
8,200.8,0.0
9,200.9,0.0
10,201.0,0.0
11,201.1,0.0
12,201.2,0.0
13,201.3,0.0
14,201.4,0.0
15,201.5,0.011
16,201.6,1.92
17,201.7,206.3
18,201.8,13620.0
19,201.9,552200.0
20,202.0,13760000.0
21,202.1,210599999.999
22,202.2,1979999999.996
23,202.3,11439999999.975
24,202.4,40589999999.941
25,202.5,88509999999.933
26,202.6,118599999999.992
27,202.7,97560000000.061
28,202.8,49330000000.078
29,202.9,15320000000.037
30,203.0,2923000000.009
31,203.1,342700000.001
32,203.2,24680000.0
33,203.3,1092000.0
34,203.4,29720.0
35,203.5,559.7
36,203.6,96.7
37,203.7,88.73
38,203.8,60.33
39,203.9,29.44
40,204.0,10.17
41,204.1,2.865
42,204.2,4.413
43,204.3,20.43
44,204.4,63.81
45,204.5,124.0
46,204.6,149.6
47,204.7,112.1
48,204.8,52.16
49,204.9,15.07
50,205.0,2.702
51,205.1,0.301
52,205.2,0.145
53,205.3,15.07
54,205.4,1138.0
55,205.5,53750.0
56,205.6,1586000.0
57,205.7,29240000.0
58,205.8,336999999.997
59,205.9,2426999999.986
60,206.0,10919999999.953
61,206.1,30729999999.916
62,206.2,54059999999.939
63,206.3,59490000000.03
64,206.4,41030000000.091
65,206.5,17830000000.07
66,206.6,4954000000.027
67,206.7,911800000.006
68,206.8,119600000.001
69,206.9,12280000.0
70,207.0,1018000.0
71,207.1,63300.0
72,207.2,2699.0
73,207.3,75.42
74,207.4,5.84
75,207.5,19.39
76,207.6,56.19
77,207.7,117.1
78,207.8,184.0
79,207.9,217.8
80,208.0,185.6
81,208.1,111.3
82,208.2,51.8
83,208.3,27.6
84,208.4,25.34
85,208.5,29.64
86,208.6,28.68
87,208.7,21.58
88,208.8,21.09
89,208.9,35.87
90,209.0,53.88
91,209.1,54.11
92,209.2,66.67
93,209.3,1302.0
94,209.4,32190.0
95,209.5,511100.0
96,209.6,5159000.0
97,209.7,33110000.0
98,209.8,135299999.999
99,209.9,353199999.999
100,210.0,597199999.999
101,210.1,684100000.0
102,210.2,605800000.001
103,210.3,512200000.0
104,210.4,424300000.001
105,210.5,281700000.001
106,210.6,129400000.001
107,210.7,38990000.0
108,210.8,8425000.0
109,210.9,8892000.0
110,211.0,46100000.0
111,211.1,170399999.999
112,211.2,404099999.998
113,211.3,613699999.999
114,211.4,597200000.001
115,211.5,372500000.002
116,211.6,149000000.001
117,211.7,38240000.0
118,211.8,6301000.0
119,211.9,666800.0
120,212.0,45350.0
121,212.1,1984.0
122,212.2,55.83
123,212.3,1.012
124,212.4,0.028
125,212.5,0.173
126,212.6,1.217
127,212.7,5.593
128,212.8,16.96
129,212.9,39.43
130,213.0,405.9
131,213.1,16080.0
132,213.2,464000.0
133,213.3,8673000.0
134,213.4,104699999.998
135,213.5,816699999.988
136,213.6,4113999999.956
137,213.7,13389999999.901
138,213.8,28149999999.883
139,213.9,38219999999.973
140,214.0,33520000000.093
141,214.1,18990000000.119
142,214.2,6951000000.068
143,214.3,1643000000.023
144,214.4,251000000.004
145,214.5,24760000.001
146,214.6,1582000.0
147,214.7,107800.0
148,214.8,243000.0
149,214.9,881800.0
150,215.0,2092000.0
151,215.1,3223000.0
152,215.2,3223000.0
153,215.3,2092000.0
154,215.4,881800.0
155,215.5,241200.0
156,215.6,42840.0
157,215.7,4938.0
158,215.8,369.6
159,215.9,17.95
160,216.0,0.566
161,216.1,0.012
162,216.2,0.0
163,216.3,0.0
164,216.4,0.0
165,216.5,0.0
166,216.6,0.0
167,216.7,0.0
168,216.8,0.0
169,216.9,0.0
170,217.0,0.0
171,217.1,0.0
172,217.2,0.0
173,217.3,0.0
174,217.4,0.0
175,217.5,0.0
176,217.6,0.0
177,217.7,0.0
178,217.8,0.0
179,217.9,0.0
180,218.0,0.0
181,218.1,0.0
182,218.2,0.0
183,218.3,0.0
184,218.4,0.0
185,218.5,0.0
186,218.6,0.0
187,218.7,0.0
188,218.8,0.009
189,218.9,0.571
190,219.0,23.68
191,219.1,648.6
192,219.2,11750.0
193,219.3,140700.0
194,219.4,1114000.0
195,219.5,5831000.0
196,219.6,20190000.0
197,219.7,46320000.0
198,219.8,70660000.0
199,219.9,72630000.0
200,220.0,52350000.0
201,220.1,29160000.0
202,220.2,14460000.0
203,220.3,6634000.0
204,220.4,2904000.0
205,220.5,3948000.0
206,220.6,15750000.0
207,220.7,49259999.999
208,220.8,102999999.999
209,220.9,142900000.0
210,221.0,131700000.0
211,221.1,80530000.001
212,221.2,32690000.0
213,221.3,8811000.0
214,221.4,1576000.0
215,221.5,187200.0
216,221.6,14750.0
217,221.7,772.1
218,221.8,26.82
219,221.9,0.618
220,222.0,0.009
221,222.1,0.0
222,222.2,0.0
223,222.3,0.0
224,222.4,0.0
225,222.5,0.0
226,222.6,0.0
227,222.7,0.0
228,222.8,0.0
229,222.9,0.0
230,223.0,0.0
231,223.1,0.0
232,223.2,0.0
233,223.3,0.0
234,223.4,0.0
235,223.5,0.0
236,223.6,0.0
237,223.7,0.0
238,223.8,0.0
239,223.9,0.0
240,224.0,0.0
241,224.1,0.0
242,224.2,0.0
243,224.3,0.0
244,224.4,0.0
245,224.5,0.0
246,224.6,0.0
247,224.7,0.0
248,224.8,0.0
249,224.9,0.0
250,225.0,0.0
251,225.1,0.0
252,225.2,0.0
253,225.3,0.0
254,225.4,0.0
255,225.5,0.0
256,225.6,0.0
257,225.7,0.0
258,225.8,0.0
259,225.9,0.0
260,226.0,0.0
261,226.1,0.0
262,226.2,0.0
263,226.3,0.0
264,226.4,0.0
265,226.5,0.001
266,226.6,0.039
267,226.7,1.653
268,226.8,47.51
269,226.9,928.2
270,227.0,12330.0
271,227.1,111300.0
272,227.2,683100.0
273,227.3,2850000.0
274,227.4,8081000.0
275,227.5,15580000.0
276,227.6,20410000.0
277,227.7,18180000.0
278,227.8,11000000.0
279,227.9,4529000.0
280,228.0,1267000.0
281,228.1,240900.0
282,228.2,31140.0
283,228.3,2736.0
284,228.4,163.4
285,228.5,6.633
286,228.6,0.183
287,228.7,0.003
288,228.8,0.0
289,228.9,0.0
290,229.0,0.0
291,229.1,0.0
292,229.2,0.0
293,229.3,0.0
294,229.4,0.0
295,229.5,0.0
296,229.6,0.0
297,229.7,0.0
298,229.8,0.0
299,229.9,0.0
300,230.0,0.0
301,230.1,0.0
302,230.2,0.0
303,230.3,0.0
304,230.4,0.0
305,230.5,0.0
306,230.6,0.0
307,230.7,0.0
308,230.8,0.0
309,230.9,0.0
310,231.0,0.0
311,231.1,0.0
312,231.2,0.0
313,231.3,0.0
314,231.4,0.0
315,231.5,0.0
316,231.6,0.0
317,231.7,0.0
318,231.8,0.0
319,231.9,0.0
320,232.0,0.0
321,232.1,0.0
322,232.2,0.0
323,232.3,0.0
324,232.4,0.0
325,232.5,0.0
326,232.6,0.0
327,232.7,0.0
328,232.8,0.0
329,232.9,0.0
330,233.0,0.0
331,233.1,0.0
332,233.2,0.0
333,233.3,0.0
334,233.4,0.0
335,233.5,0.0
336,233.6,0.0
337,233.7,0.0
338,233.8,0.0
339,233.9,0.0
340,234.0,0.0
341,234.1,0.0
342,234.2,0.0
343,234.3,0.0
344,234.4,0.0
345,234.5,0.0
346,234.6,0.0
347,234.7,0.0
348,234.8,0.0
349,234.9,0.0
350,235.0,0.0
351,235.1,0.0
352,235.2,0.0
353,235.3,0.0
354,235.4,0.0
355,235.5,0.0
356,235.6,0.0
357,235.7,0.0
358,235.8,0.0
359,235.9,0.0
360,236.0,0.0
361,236.1,0.0
362,236.2,0.0
363,236.3,0.0
364,236.4,0.0
365,236.5,0.0
366,236.6,0.0
367,236.7,0.0
368,236.8,0.0
369,236.9,0.0
370,237.0,0.0
371,237.1,0.0
372,237.2,0.0
373,237.3,0.0
374,237.4,0.0
375,237.5,0.0
376,237.6,0.0
377,237.7,0.0
378,237.8,0.0
379,237.9,0.0
380,238.0,0.0
381,238.1,0.0
382,238.2,0.0
383,238.3,0.0
384,238.4,0.0
385,238.5,0.0
386,238.6,0.0
387,238.7,0.0
388,238.8,0.003
389,238.9,0.135
390,239.0,4.054
391,239.1,86.24
392,239.2,1296.0
393,239.3,13760.0
394,239.4,103200.0
395,239.5,547000.0
396,239.6,2048000.0
397,239.7,5418000.0
398,239.8,10130000.0
399,239.9,13370000.0
400,240.0,12470000.0
401,240.1,8221000.0
402,240.2,3828000.0
403,240.3,1259000.0
404,240.4,292700.0
405,240.5,48060.0
406,240.6,5576.0
407,240.7,457.0
408,240.8,26.47
409,240.9,1.083
410,241.0,0.031
411,241.1,0.001
412,241.2,0.0
413,241.3,0.0
414,241.4,0.0
415,241.5,0.0
416,241.6,0.0
417,241.7,0.0
418,241.8,0.0
419,241.9,0.0
420,242.0,0.0
421,242.1,0.0
422,242.2,0.0
423,242.3,0.0
424,242.4,0.0
425,242.5,0.0
426,242.6,0.0
427,242.7,0.0
428,242.8,0.0
429,242.9,0.0
430,243.0,0.0
431,243.1,0.0
432,243.2,0.0
433,243.3,0.0
434,243.4,0.0
435,243.5,0.0
436,243.6,0.0
437,243.7,0.0
438,243.8,0.0
439,243.9,0.0
440,244.0,0.0
441,244.1,0.0
442,244.2,0.0
443,244.3,0.0
444,244.4,0.0
445,244.5,0.0
446,244.6,0.0
447,244.7,0.0
448,244.8,0.0
449,244.9,0.0
450,245.0,0.0
451,245.1,0.0
452,245.2,0.0
453,245.3,0.0
454,245.4,0.0
455,245.5,0.0
456,245.6,0.0
457,245.7,0.0
458,245.8,0.0
459,245.9,0.0
460,246.0,0.0
461,246.1,0.0
462,246.2,0.0
463,246.3,0.0
464,246.4,0.0
465,246.5,0.0
466,246.6,0.0
467,246.7,0.0
468,246.8,0.0
469,246.9,0.0
470,247.0,0.0
471,247.1,0.0
472,247.2,0.0
473,247.3,0.0
474,247.4,0.0
475,247.5,0.0
476,247.6,0.0
477,247.7,0.0
478,247.8,0.0
479,247.9,0.0
480,248.0,0.0
481,248.1,0.0
482,248.2,0.0
483,248.3,0.0
484,248.4,0.0
485,248.5,0.0
486,248.6,0.0
487,248.7,0.0
488,248.8,0.0
489,248.9,0.0
490,249.0,0.001
491,249.1,0.048
492,249.2,1.709
493,249.3,44.38
494,249.4,837.5
495,249.5,11480.0
496,249.6,114400.0
497,249.7,828400.0
498,249.8,4358000.0
499,249.9,16659999.999
500,250.0,46289999.999
501,250.1,93439999.999
502,250.2,137099999.999
503,250.3,146100000.0
504,250.4,113200000.001
505,250.5,63700000.001
506,250.6,26050000.001
507,250.7,7743000.0
508,250.8,1672000.0
509,250.9,262400.0
510,251.0,29930.0
511,251.1,2480.0
512,251.2,149.3
513,251.3,6.534
514,251.4,0.208
515,251.5,0.005
516,251.6,0.0
517,251.7,0.0
518,251.8,0.0
519,251.9,0.0
520,252.0,0.0
521,252.1,0.0
522,252.2,0.0
523,252.3,0.0
524,252.4,0.0
525,252.5,0.0
526,252.6,0.0
527,252.7,0.0
528,252.8,0.0
529,252.9,0.0
530,253.0,0.0
531,253.1,0.0
532,253.2,0.0
533,253.3,0.0
534,253.4,0.0
535,253.5,0.0
536,253.6,0.0
537,253.7,0.0
538,253.8,0.0
539,253.9,0.0
540,254.0,0.0
541,254.1,0.0
542,254.2,0.001
543,254.3,0.001
544,254.4,0.0
545,254.5,0.0
546,254.6,0.006
547,254.7,0.234
548,254.8,7.158
549,254.9,161.4
550,255.0,2683.0
551,255.1,32840.0
552,255.2,296200.0
553,255.3,1969000.0
554,255.4,9640000.0
555,255.5,34779999.999
556,255.6,92439999.998
557,255.7,180999999.997
558,255.8,261199999.998
559,255.9,277600000.001
560,256.0,217400000.003
561,256.1,125500000.003
562,256.2,53340000.002
563,256.3,16710000.001
564,256.4,3857000.0
565,256.5,665500.0
566,256.6,141700.0
567,256.7,269700.0
568,256.8,853300.0
569,256.9,2050000.0
570,257.0,3642000.0
571,257.1,4782000.0
572,257.2,4639000.0
573,257.3,3326000.0
574,257.4,1762000.0
575,257.5,690100.0
576,257.6,199700.0
577,257.7,42690.0
578,257.8,6746.0
579,257.9,787.7
580,258.0,67.98
581,258.1,4.335
582,258.2,0.204
583,258.3,0.007
584,258.4,0.0
585,258.5,0.0
586,258.6,0.0
587,258.7,0.0
588,258.8,0.0
589,258.9,0.0
590,259.0,0.0
591,259.1,0.0
592,259.2,0.0
593,259.3,0.0
594,259.4,0.0
595,259.5,0.0
596,259.6,0.0
597,259.7,0.0
598,259.8,0.0
599,259.9,0.0
600,260.0,0.0
601,260.1,0.0
602,260.2,0.0
603,260.3,0.0
604,260.4,0.0
605,260.5,0.0
606,260.6,0.0
607,260.7,0.0
608,260.8,0.0
609,260.9,0.0
610,261.0,0.0
611,261.1,0.0
612,261.2,0.0
613,261.3,0.0
614,261.4,0.0
615,261.5,0.0
616,261.6,0.0
617,261.7,0.0
618,261.8,0.0
619,261.9,0.0
620,262.0,0.0
621,262.1,0.0
622,262.2,0.0
623,262.3,0.0
624,262.4,0.0
625,262.5,0.0
626,262.6,0.0
627,262.7,0.0
628,262.8,0.0
629,262.9,0.0
630,263.0,0.0
631,263.1,0.0
632,263.2,0.0
633,263.3,0.0
634,263.4,0.0
635,263.5,0.001
636,263.6,0.0
637,263.7,0.0
638,263.8,0.0
639,263.9,0.0
640,264.0,0.0
641,264.1,0.0
642,264.2,0.0
643,264.3,0.0
644,264.4,0.0
645,264.5,0.0
646,264.6,0.0
647,264.7,0.0
648,264.8,0.0
649,264.9,0.0
650,265.0,0.0
651,265.1,0.0
652,265.2,0.0
653,265.3,0.0
654,265.4,0.0
655,265.5,0.0
656,265.6,0.0
657,265.7,0.0
658,265.8,0.0
659,265.9,0.0
660,266.0,0.0
661,266.1,0.0
662,266.2,0.0
663,266.3,0.0
664,266.4,0.0
665,266.5,0.0
666,266.6,0.0
667,266.7,0.0
668,266.8,0.0
669,266.9,0.0
670,267.0,0.0
671,267.1,0.0
672,267.2,0.0
673,267.3,0.0
674,267.4,0.0
675,267.5,0.0
676,267.6,0.0
677,267.7,0.0
678,267.8,0.0
679,267.9,0.0
680,268.0,0.0
681,268.1,0.0
682,268.2,0.0
683,268.3,0.0
684,268.4,0.0
685,268.5,0.0
686,268.6,0.001
687,268.7,0.001
688,268.8,0.001
689,268.9,0.001
690,269.0,0.001
691,269.1,0.001
692,269.2,0.0
693,269.3,0.0
694,269.4,0.0
695,269.5,0.0
696,269.6,0.0
697,269.7,0.0
698,269.8,0.0
699,269.9,0.0
700,270.0,0.0
701,270.1,0.0
702,270.2,0.0
703,270.3,0.0
704,270.4,0.0
705,270.5,0.0
706,270.6,0.0
707,270.7,0.0
708,270.8,0.0
709,270.9,0.0
710,271.0,0.0
711,271.1,0.0
712,271.2,0.0
713,271.3,0.0
714,271.4,0.0
715,271.5,0.0
716,271.6,0.0
717,271.7,0.0
718,271.8,0.0
719,271.9,0.0
720,272.0,0.0
721,272.1,0.0
722,272.2,0.0
723,272.3,0.0
724,272.4,0.0
725,272.5,0.0
726,272.6,0.0
727,272.7,0.0
728,272.8,0.0
729,272.9,0.0
730,273.0,0.0
731,273.1,0.0
732,273.2,0.0
733,273.3,0.0
734,273.4,0.0
735,273.5,0.0
736,273.6,0.0
737,273.7,0.0
738,273.8,0.0
739,273.9,0.0
740,274.0,0.0
741,274.1,0.0
742,274.2,0.0
743,274.3,0.0
744,274.4,0.0
745,274.5,0.0
746,274.6,0.0
747,274.7,0.0
748,274.8,0.0
749,274.9,0.0
750,275.0,0.0
751,275.1,0.0
752,275.2,0.0
753,275.3,0.0
754,275.4,0.0
755,275.5,0.0
756,275.6,0.0
757,275.7,0.0
758,275.8,0.0
759,275.9,0.0
760,276.0,0.0
761,276.1,0.0
762,276.2,0.0
763,276.3,0.0
764,276.4,0.0
765,276.5,0.0
766,276.6,0.0
767,276.7,0.0
768,276.8,0.0
769,276.9,0.0
770,277.0,0.0
771,277.1,0.0
772,277.2,0.0
773,277.3,0.0
774,277.4,0.0
775,277.5,0.0
776,277.6,0.0
777,277.7,0.0
778,277.8,0.0
779,277.9,0.0
780,278.0,0.0
781,278.1,0.0
782,278.2,0.0
783,278.3,0.0
784,278.4,0.0
785,278.5,0.0
786,278.6,0.0
787,278.7,0.0
788,278.8,0.0
789,278.9,0.0
790,279.0,0.0
791,279.1,0.0
792,279.2,0.0
793,279.3,0.0
794,279.4,0.0
795,279.5,0.0
796,279.6,0.0
797,279.7,0.0
798,279.8,0.0
799,279.9,0.0
800,280.0,0.0
801,280.1,0.0
802,280.2,0.0
803,280.3,0.0
804,280.4,0.0
805,280.5,0.0
806,280.6,0.0
807,280.7,0.0
808,280.8,0.0
809,280.9,0.0
810,281.0,0.0
811,281.1,0.0
812,281.2,0.0
813,281.3,0.0
814,281.4,0.0
815,281.5,0.0
816,281.6,0.0
817,281.7,0.0
818,281.8,0.0
819,281.9,0.0
820,282.0,0.0
821,282.1,0.0
822,282.2,0.0
823,282.3,0.0
824,282.4,0.0
825,282.5,0.0
826,282.6,0.0
827,282.7,0.0
828,282.8,0.0
829,282.9,0.0
830,283.0,0.0
831,283.1,0.0
832,283.2,0.0
833,283.3,0.0
834,283.4,0.0
835,283.5,0.0
836,283.6,0.0
837,283.7,0.0
838,283.8,0.0
839,283.9,0.0
840,284.0,0.0
841,284.1,0.0
842,284.2,0.0
843,284.3,0.0
844,284.4,0.0
845,284.5,0.0
846,284.6,0.0
847,284.7,0.0
848,284.8,0.0
849,284.9,0.0
850,285.0,0.0
851,285.1,0.0
852,285.2,0.0
853,285.3,0.0
854,285.4,0.0
855,285.5,0.0
856,285.6,0.0
857,285.7,0.0
858,285.8,0.0
859,285.9,0.0
860,286.0,0.0
861,286.1,0.0
862,286.2,0.0
863,286.3,0.0
864,286.4,0.0
865,286.5,0.0
866,286.6,0.0
867,286.7,0.001
868,286.8,0.001
869,286.9,0.001
870,287.0,0.001
871,287.1,0.001
872,287.2,0.001
873,287.3,0.001
874,287.4,0.0
875,287.5,0.0
876,287.6,0.0
877,287.7,0.0
878,287.8,0.0
879,287.9,0.0
880,288.0,0.0
881,288.1,0.001
882,288.2,0.001
883,288.3,0.001
884,288.4,0.001
885,288.5,0.0
886,288.6,0.0
887,288.7,0.0
888,288.8,0.0
889,288.9,0.0
890,289.0,0.0
891,289.1,0.0
892,289.2,0.0
893,289.3,0.0
894,289.4,0.0
895,289.5,0.0
896,289.6,0.0
897,289.7,0.001
898,289.8,0.002
899,289.9,0.003
900,290.0,0.004
901,290.1,0.004
902,290.2,0.003
903,290.3,0.002
904,290.4,0.001
905,290.5,0.0
906,290.6,0.0
907,290.7,0.0
908,290.8,0.0
909,290.9,0.0
910,291.0,0.0
911,291.1,0.0
912,291.2,0.0
913,291.3,0.0
914,291.4,0.0
915,291.5,0.0
916,291.6,0.0
917,291.7,0.0
918,291.8,0.0
919,291.9,0.0
920,292.0,0.0
921,292.1,0.0
922,292.2,0.0
923,292.3,0.0
924,292.4,0.001
925,292.5,0.001
926,292.6,0.001
927,292.7,0.001
928,292.8,0.0
929,292.9,0.0
930,293.0,0.0
931,293.1,0.0
932,293.2,0.0
933,293.3,0.0
934,293.4,0.0
935,293.5,0.0
936,293.6,0.0
937,293.7,0.0
938,293.8,0.0
939,293.9,0.0
940,294.0,0.0
941,294.1,0.0
942,294.2,0.0
943,294.3,0.0
944,294.4,0.0
945,294.5,0.0
946,294.6,0.0
947,294.7,0.0
948,294.8,0.0
949,294.9,0.0
950,295.0,0.0
951,295.1,0.0
952,295.2,0.0
953,295.3,0.0
954,295.4,0.0
955,295.5,0.0
956,295.6,0.0
957,295.7,0.0
958,295.8,0.0
959,295.9,0.0
960,296.0,0.0
961,296.1,0.0
962,296.2,0.0
963,296.3,0.0
964,296.4,0.0
965,296.5,0.0
966,296.6,0.0
967,296.7,0.0
968,296.8,0.0
969,296.9,0.0
970,297.0,0.0
971,297.1,0.0
972,297.2,0.0
973,297.3,0.0
974,297.4,0.0
975,297.5,0.0
976,297.6,0.0
977,297.7,0.0
978,297.8,0.0
979,297.9,0.0
980,298.0,0.0
981,298.1,0.0
982,298.2,0.005
983,298.3,0.097
984,298.4,1.498
985,298.5,18.6
986,298.6,184.8
987,298.7,1471.0
988,298.8,9389.0
989,298.9,48070.0
990,299.0,197800.0
991,299.1,656000.0
992,299.2,1763000.0
993,299.3,3869000.0
994,299.4,7026000.0
995,299.5,10760000.0
996,299.6,14320000.0
997,299.7,17160000.0
998,299.8,19300000.0
999,299.9,20960000.0
1000,300.0,21930000.0
1001,300.1,21440000.0
1002,300.2,19090000.0
1003,300.3,15950000.0
1004,300.4,14540000.0
1005,300.5,17050000.0
1006,300.6,23230000.0
1007,300.7,29960000.0
1008,300.8,33270000.0
1009,300.9,31200000.0
1010,301.0,24840000.0
1011,301.1,16950000.0
1012,301.2,9942000.0
1013,301.3,4987000.0
1014,301.4,2114000.0
1015,301.5,746900.0
1016,301.6,217200.0
1017,301.7,51530.0
1018,301.8,9904.0
1019,301.9,1536.0
1020,302.0,191.9
1021,302.1,19.26
1022,302.2,1.552
1023,302.3,0.1
1024,302.4,0.005
1025,302.5,0.0
1026,302.6,0.0
1027,302.7,0.0
1028,302.8,0.0
1029,302.9,0.0
1030,303.0,0.0
1031,303.1,0.0
1032,303.2,0.0
1033,303.3,0.0
1034,303.4,0.0
1035,303.5,0.0
1036,303.6,0.0
1037,303.7,0.0
1038,303.8,0.0
1039,303.9,0.0
1040,304.0,0.0
1041,304.1,0.0
1042,304.2,0.0
1043,304.3,0.0
1044,304.4,0.0
1045,304.5,0.0
1046,304.6,0.0
1047,304.7,0.0
1048,304.8,0.0
1049,304.9,0.0
1050,305.0,0.0
1051,305.1,0.0
1052,305.2,0.0
1053,305.3,0.002
1054,305.4,0.017
1055,305.5,0.101
1056,305.6,0.501
1057,305.7,2.003
1058,305.8,6.469
1059,305.9,16.88
1060,306.0,35.6
1061,306.1,60.66
1062,306.2,83.52
1063,306.3,92.92
1064,306.4,83.52
1065,306.5,60.66
1066,306.6,35.6
1067,306.7,16.88
1068,306.8,6.469
1069,306.9,2.003
1070,307.0,0.501
1071,307.1,0.101
1072,307.2,0.017
1073,307.3,0.002
1074,307.4,0.0
1075,307.5,0.0
1076,307.6,0.0
1077,307.7,0.0
1078,307.8,0.0
1079,307.9,0.0
1080,308.0,0.0
1081,308.1,0.0
1082,308.2,0.0
1083,308.3,0.0
1084,308.4,0.0
1085,308.5,0.0
1086,308.6,0.0
1087,308.7,0.0
1088,308.8,0.0
1089,308.9,0.0
1090,309.0,0.0
1091,309.1,0.0
1092,309.2,0.0
1093,309.3,0.0
1094,309.4,0.0
1095,309.5,0.0
1096,309.6,0.001
1097,309.7,0.009
1098,309.8,0.05
1099,309.9,0.232
1100,310.0,0.875
1101,310.1,2.681
1102,310.2,6.677
1103,310.3,13.51
1104,310.4,22.22
1105,310.5,29.71
1106,310.6,32.28
1107,310.7,28.5
1108,310.8,20.45
1109,310.9,11.93
1110,311.0,5.656
1111,311.1,2.179
1112,311.2,0.683
1113,311.3,0.174
1114,311.4,0.036
1115,311.5,0.006
1116,311.6,0.001
1117,311.7,0.0
1118,311.8,0.0
1119,311.9,0.0
1120,312.0,0.001
1121,312.1,0.001
1122,312.2,0.001
1123,312.3,0.003
1124,312.4,0.046
1125,312.5,0.565
1126,312.6,5.73
1127,312.7,47.44
1128,312.8,320.5
1129,312.9,1767.0
1130,313.0,7954.0
1131,313.1,29220.0
1132,313.2,87680.0
1133,313.3,215100.0
1134,313.4,433000.0
1135,313.5,721200.0
1136,313.6,1016000.0
1137,313.7,1268000.0
1138,313.8,1519000.0
1139,313.9,1870000.0
1140,314.0,2333000.0
1141,314.1,2726000.0
1142,314.2,2778000.0
1143,314.3,2379000.0
1144,314.4,1693000.0
1145,314.5,1032000.0
1146,314.6,663100.0
1147,314.7,754300.0
1148,314.8,1409000.0
1149,314.9,2642000.0
1150,315.0,4348000.0
1151,315.1,6952000.0
1152,315.2,14479999.999
1153,315.3,43339999.997
1154,315.4,139599999.99
1155,315.5,395699999.975
1156,315.6,932699999.953
1157,315.7,1804999999.934
1158,315.8,2860999999.932
1159,315.9,3711999999.961
1160,316.0,3942000000.01
1161,316.1,3426000000.054
1162,316.2,2437000000.071
1163,316.3,1419000000.061
1164,316.4,676300000.037
1165,316.5,263800000.018
1166,316.6,84210000.007
1167,316.7,22000000.002
1168,316.8,4708000.001
1169,316.9,846000.0
1170,317.0,307200.0
1171,317.1,1329000.0
1172,317.2,7502999.999
1173,317.3,35129999.997
1174,317.4,135099999.989
1175,317.5,426699999.97
1176,317.6,1107999999.936
1177,317.7,2363999999.896
1178,317.8,4151999999.87
1179,317.9,6009999999.89
1180,318.0,7181999999.96
1181,318.1,7102000000.05
1182,318.2,5830000000.113
1183,318.3,3988000000.127
1184,318.4,2284000000.099
1185,318.5,1101000000.06
1186,318.6,448800000.03
1187,318.7,155300000.012
1188,318.8,45660000.004
1189,318.9,11410000.001
1190,319.0,2414000.0
1191,319.1,430900.0
1192,319.2,64550.0
1193,319.3,8090.0
1194,319.4,852.8
1195,319.5,79.38
1196,319.6,8.093
1197,319.7,1.317
1198,319.8,0.477
1199,319.9,2.089
1200,320.0,18.49
1201,320.1,139.0
1202,320.2,860.8
1203,320.3,4391.0
1204,320.4,18450.0
1205,320.5,63890.0
1206,320.6,182300.0
1207,320.7,429300.0
1208,320.8,836500.0
1209,320.9,1360000.0
1210,321.0,1884000.0
1211,321.1,2331000.0
1212,321.2,2800000.0
1213,321.3,3519000.0
1214,321.4,4570000.0
1215,321.5,5632000.0
1216,321.6,6113000.0
1217,321.7,5617000.0
1218,321.8,4303000.0
1219,321.9,2751000.0
1220,322.0,1547000.0
1221,322.1,1034000.0
1222,322.2,1392000.0
1223,322.3,2763000.0
1224,322.4,5141000.0
1225,322.5,8038000.0
1226,322.6,10400000.0
1227,322.7,11110000.0
1228,322.8,9799000.0
1229,322.9,7136000.0
1230,323.0,4291000.0
1231,323.1,2130000.0
1232,323.2,873100.0
1233,323.3,295500.0
1234,323.4,82570.0
1235,323.5,19050.0
1236,323.6,3630.0
1237,323.7,571.1
1238,323.8,74.19
1239,323.9,7.959
1240,324.0,0.705
1241,324.1,0.052
1242,324.2,0.003
1243,324.3,0.0
1244,324.4,0.0
1245,324.5,0.0
1246,324.6,0.0
1247,324.7,0.0
1248,324.8,0.0
1249,324.9,0.0
1250,325.0,0.0
1251,325.1,0.0
1252,325.2,0.0
1253,325.3,0.0
1254,325.4,0.0
1255,325.5,0.0
1256,325.6,0.0
1257,325.7,0.0
1258,325.8,0.0
1259,325.9,0.0
1260,326.0,0.0
1261,326.1,0.002
1262,326.2,0.026
1263,326.3,0.297
1264,326.4,2.831
1265,326.5,22.41
1266,326.6,147.3
1267,326.7,803.0
1268,326.8,3635.0
1269,326.9,13650.0
1270,327.0,42580.0
1271,327.1,110300.0
1272,327.2,238500.0
1273,327.3,436500.0
1274,327.4,716100.0
1275,327.5,1240000.0
1276,327.6,2797000.0
1277,327.7,7782999.999
1278,327.8,21359999.999
1279,327.9,51179999.997
1280,328.0,103199999.995
1281,328.1,173299999.995
1282,328.2,242099999.996
1283,328.3,280899999.999
1284,328.4,271000000.003
1285,328.5,217400000.005
1286,328.6,145200000.005
1287,328.7,80860000.004
1288,328.8,37720000.002
1289,328.9,14850000.001
1290,329.0,5001000.0
1291,329.1,1473000.0
1292,329.2,393700.0
1293,329.3,124800.0
1294,329.4,207100.0
1295,329.5,979000.0
1296,329.6,4270000.0
1297,329.7,15589999.999
1298,329.8,47409999.996
1299,329.9,120099999.993
1300,330.0,253699999.988
1301,330.1,446499999.984
1302,330.2,654699999.986
1303,330.3,799999999.993
1304,330.4,814700000.004
1305,330.5,691400000.013
1306,330.6,489100000.016
1307,330.7,288300000.013
1308,330.8,141700000.008
1309,330.9,58030000.004
1310,331.0,19810000.002
1311,331.1,5639000.001
1312,331.2,1338000.0
1313,331.3,264600.0
1314,331.4,43620.0
1315,331.5,5996.0
1316,331.6,687.1
1317,331.7,65.64
1318,331.8,5.228
1319,331.9,0.347
1320,332.0,0.019
1321,332.1,0.001
1322,332.2,0.0
1323,332.3,0.0
1324,332.4,0.0
1325,332.5,0.0
1326,332.6,0.0
1327,332.7,0.0
1328,332.8,0.0
1329,332.9,0.008
1330,333.0,0.148
1331,333.1,2.37
1332,333.2,31.68
1333,333.3,354.5
1334,333.4,3319.0
1335,333.5,26000.0
1336,333.6,170400.0
1337,333.7,935100.0
1338,333.8,4294000.0
1339,333.9,16499999.998
1340,334.0,53059999.996
1341,334.1,142799999.99
1342,334.2,321799999.982
1343,334.3,606899999.975
1344,334.4,958099999.973
1345,334.5,1266999999.982
1346,334.6,1401999999.999
1347,334.7,1300000000.016
1348,334.8,1011000000.026
1349,334.9,660900000.026
1350,335.0,365300000.019
1351,335.1,173100000.011
1352,335.2,72390000.005
1353,335.3,28200000.002
1354,335.4,10940000.001
1355,335.5,4401000.0
1356,335.6,1940000.0
1357,335.7,1374000.0
1358,335.8,2186000.0
1359,335.9,4414000.0
1360,336.0,8014000.0
1361,336.1,12300000.0
1362,336.2,15850000.0
1363,336.3,17120000.0
1364,336.4,15490000.0
1365,336.5,11750000.0
1366,336.6,7465000.0
1367,336.7,3976000.0
1368,336.8,1775000.0
1369,336.9,664000.0
1370,337.0,208200.0
1371,337.1,54710.0
1372,337.2,12050.0
1373,337.3,2224.0
1374,337.4,345.0
1375,337.5,47.98
1376,337.6,14.69
1377,337.7,24.52
1378,337.8,49.57
1379,337.9,85.98
1380,338.0,126.5
1381,338.1,159.2
1382,338.2,174.5
1383,338.3,171.2
1384,338.4,156.0
1385,338.5,135.5
1386,338.6,112.4
1387,338.7,86.54
1388,338.8,59.72
1389,338.9,35.9
1390,339.0,18.48
1391,339.1,8.067
1392,339.2,2.971
1393,339.3,0.921
1394,339.4,0.241
1395,339.5,0.056
1396,339.6,0.029
1397,339.7,0.087
1398,339.8,0.322
1399,339.9,1.023
1400,340.0,2.735
1401,340.1,6.152
1402,340.2,11.65
1403,340.3,18.55
1404,340.4,24.87
1405,340.5,28.07
1406,340.6,26.65
1407,340.7,21.3
1408,340.8,14.32
1409,340.9,8.107
1410,341.0,3.861
1411,341.1,1.548
1412,341.2,0.522
1413,341.3,0.148
1414,341.4,0.035
1415,341.5,0.007
1416,341.6,0.001
1417,341.7,0.0
1418,341.8,0.0
1419,341.9,0.0
1420,342.0,0.0
1421,342.1,0.0
1422,342.2,0.0
1423,342.3,0.0
1424,342.4,0.0
1425,342.5,0.0
1426,342.6,0.0
1427,342.7,0.0
1428,342.8,0.0
1429,342.9,0.0
1430,343.0,0.002
1431,343.1,0.013
1432,343.2,0.066
1433,343.3,0.278
1434,343.4,0.985
1435,343.5,2.954
1436,343.6,7.48
1437,343.7,16.0
1438,343.8,28.89
1439,343.9,44.07
1440,344.0,56.78
1441,344.1,61.79
1442,344.2,56.78
1443,344.3,44.07
1444,344.4,28.89
1445,344.5,16.0
1446,344.6,7.48
1447,344.7,2.954
1448,344.8,0.985
1449,344.9,0.278
1450,345.0,0.066
1451,345.1,0.013
1452,345.2,0.002
1453,345.3,0.0
1454,345.4,0.0
1455,345.5,0.0
1456,345.6,0.0
1457,345.7,0.0
1458,345.8,0.0
1459,345.9,0.0
1460,346.0,0.001
1461,346.1,0.018
1462,346.2,0.191
1463,346.3,1.727
1464,346.4,13.23
1465,346.5,85.91
1466,346.6,472.7
1467,346.7,2204.0
1468,346.8,8710.0
1469,346.9,29160.0
1470,347.0,82760.0
1471,347.1,199000.0
1472,347.2,405500.0
1473,347.3,700300.0
1474,347.4,1025000.0
1475,347.5,1271000.0
1476,347.6,1336000.0
1477,347.7,1190000.0
1478,347.8,897900.0
1479,347.9,575300.0
1480,348.0,316300.0
1481,348.1,162500.0
1482,348.2,118500.0
1483,348.3,189800.0
1484,348.4,401600.0
1485,348.5,778900.0
1486,348.6,1295000.0
1487,348.7,1828000.0
1488,348.8,2190000.0
1489,348.9,2226000.0
1490,349.0,1920000.0
1491,349.1,1405000.0
1492,349.2,872500.0
1493,349.3,459600.0
1494,349.4,205400.0
1495,349.5,77910.0
1496,349.6,25070.0
1497,349.7,6844.0
1498,349.8,1585.0
1499,349.9,311.6
1500,350.0,51.96
1501,350.1,7.351
1502,350.2,0.883
1503,350.3,0.09
1504,350.4,0.008
1505,350.5,0.001
1506,350.6,0.0
1507,350.7,0.0
1508,350.8,0.0
1509,350.9,0.0
1510,351.0,0.0
1511,351.1,0.0
1512,351.2,0.0
1513,351.3,0.0
1514,351.4,0.0
1515,351.5,0.0
1516,351.6,0.0
1517,351.7,0.0
1518,351.8,0.0
1519,351.9,0.0
1520,352.0,0.001
1521,352.1,0.005
1522,352.2,0.026
1523,352.3,0.113
1524,352.4,0.421
1525,352.5,1.337
1526,352.6,3.613
1527,352.7,8.317
1528,352.8,16.31
1529,352.9,27.25
1530,353.0,38.77
1531,353.1,47.0
1532,353.2,48.53
1533,353.3,42.68
1534,353.4,31.98
1535,353.5,20.41
1536,353.6,11.1
1537,353.7,5.141
1538,353.8,2.029
1539,353.9,0.682
1540,354.0,0.195
1541,354.1,0.048
1542,354.2,0.01
1543,354.3,0.002
1544,354.4,0.0
1545,354.5,0.0
1546,354.6,0.0
1547,354.7,0.0
1548,354.8,0.0
1549,354.9,0.0
1550,355.0,0.0
1551,355.1,0.0
1552,355.2,0.0
1553,355.3,0.002
1554,355.4,0.007
1555,355.5,0.028
1556,355.6,0.095
1557,355.7,0.272
1558,355.8,0.667
1559,355.9,1.398
1560,356.0,2.504
1561,356.1,3.831
1562,356.2,5.008
1563,356.3,5.591
1564,356.4,5.333
1565,356.5,4.346
1566,356.6,3.025
1567,356.7,1.799
1568,356.8,0.914
1569,356.9,0.396
1570,357.0,0.147
1571,357.1,0.047
1572,357.2,0.013
1573,357.3,0.003
1574,357.4,0.001
1575,357.5,0.0
1576,357.6,0.0
1577,357.7,0.0
1578,357.8,0.0
1579,357.9,0.0
1580,358.0,0.0
1581,358.1,0.0
1582,358.2,0.0
1583,358.3,0.0
1584,358.4,0.0
1585,358.5,0.0
1586,358.6,0.0
1587,358.7,0.0
1588,358.8,0.0
1589,358.9,0.0
1590,359.0,0.0
1591,359.1,0.0
1592,359.2,0.0
1593,359.3,0.0
1594,359.4,0.0
1595,359.5,0.0
1596,359.6,0.0
1597,359.7,0.0
1598,359.8,0.0
1599,359.9,0.003
1600,360.0,0.013
1601,360.1,0.055
1602,360.2,0.203
1603,360.3,0.643
1604,360.4,1.743
1605,360.5,4.054
1606,360.6,8.087
1607,360.7,13.84
1608,360.8,20.32
1609,360.9,25.61
1610,361.0,27.89
1611,361.1,27.71
1612,361.2,35.64
1613,361.3,113.4
1614,361.4,578.1
1615,361.5,2839.0
1616,361.6,12180.0
1617,361.7,44990.0
1618,361.8,142900.0
1619,361.9,390200.0
1620,362.0,915200.0
1621,362.1,1845000.0
1622,362.2,3199000.0
1623,362.3,4786000.0
1624,362.4,6227000.0
1625,362.5,7192000.0
1626,362.6,7736000.0
1627,362.7,8428000.0
1628,362.8,10060000.0
1629,362.9,12980000.0
1630,363.0,16620000.0
1631,363.1,19550000.0
1632,363.2,20280000.0
1633,363.3,18270000.0
1634,363.4,14200000.0
1635,363.5,9500000.0
1636,363.6,5490000.0
1637,363.7,2823000.0
1638,363.8,1566000.0
1639,363.9,1631000.0
1640,364.0,3140000.0
1641,364.1,6459000.0
1642,364.2,11809999.999
1643,364.3,18649999.999
1644,364.4,25369999.999
1645,364.5,29690000.0
1646,364.6,29910000.0
1647,364.7,25920000.001
1648,364.8,19330000.001
1649,364.9,12410000.001
1650,365.0,6852000.0
1651,365.1,3257000.0
1652,365.2,1332000.0
1653,365.3,468800.0
1654,365.4,142000.0
1655,365.5,37020.0
1656,365.6,8305.0
1657,365.7,1603.0
1658,365.8,266.4
1659,365.9,38.11
1660,366.0,4.797
1661,366.1,1.366
1662,366.2,6.06
1663,366.3,36.0
1664,366.4,186.4
1665,366.5,835.7
1666,366.6,3249.0
1667,366.7,10970.0
1668,366.8,32200.0
1669,366.9,82440.0
1670,367.0,184500.0
1671,367.1,362400.0
1672,367.2,627600.0
1673,367.3,964800.0
1674,367.4,1328000.0
1675,367.5,1654000.0
1676,367.6,1888000.0
1677,367.7,1994000.0
1678,367.8,1958000.0
1679,367.9,1783000.0
1680,368.0,1489000.0
1681,368.1,1125000.0
1682,368.2,759900.0
1683,368.3,453400.0
1684,368.4,237100.0
1685,368.5,108100.0
1686,368.6,42800.0
1687,368.7,14690.0
1688,368.8,4367.0
1689,368.9,1124.0
1690,369.0,251.0
1691,369.1,53.15
1692,369.2,53.51
1693,369.3,380.9
1694,369.4,2748.0
1695,369.5,17200.0
1696,369.6,93030.0
1697,369.7,435100.0
1698,369.8,1759000.0
1699,369.9,6149999.999
1700,370.0,18589999.998
1701,370.1,48579999.996
1702,370.2,109699999.992
1703,370.3,214299999.988
1704,370.4,361899999.984
1705,370.5,528399999.984
1706,370.6,666999999.99
1707,370.7,727799999.999
1708,370.8,686700000.009
1709,370.9,560100000.015
1710,371.0,395000000.016
1711,371.1,240800000.013
1712,371.2,126900000.009
1713,371.3,57840000.005
1714,371.4,22790000.002
1715,371.5,7763000.001
1716,371.6,2286000.0
1717,371.7,582100.0
1718,371.8,128100.0
1719,371.9,24390.0
1720,372.0,4017.0
1721,372.1,578.1
1722,372.2,92.23
1723,372.3,154.6
1724,372.4,1126.0
1725,372.5,7734.0
1726,372.6,46270.0
1727,372.7,240000.0
1728,372.8,1079000.0
1729,372.9,4201999.999
1730,373.0,14189999.998
1731,373.1,41499999.996
1732,373.2,105199999.991
1733,373.3,231199999.984
1734,373.4,440299999.975
1735,373.5,726699999.969
1736,373.6,1038999999.971
1737,373.7,1287999999.982
1738,373.8,1384000000.0
1739,373.9,1288000000.018
1740,374.0,1039000000.029
1741,374.1,726700000.031
1742,374.2,440400000.025
1743,374.3,231300000.016
1744,374.4,105400000.009
1745,374.5,41830000.004
1746,374.6,14800000.002
1747,374.7,5237000.0
1748,374.8,2642000.0
1749,374.9,2376000.0
1750,375.0,2717000.0
1751,375.1,3098000.0
1752,375.2,3335000.0
1753,375.3,3361000.0
1754,375.4,3146000.0
1755,375.5,2705000.0
1756,375.6,2107000.0
1757,375.7,1469000.0
1758,375.8,908300.0
1759,375.9,494200.0
1760,376.0,235600.0
1761,376.1,98020.0
1762,376.2,35530.0
1763,376.3,11210.0
1764,376.4,3080.0
1765,376.5,746.3
1766,376.6,174.2
1767,376.7,57.59
1768,376.8,39.28
1769,376.9,35.63
1770,377.0,30.52
1771,377.1,22.98
1772,377.2,15.07
1773,377.3,8.609
1774,377.4,4.4
1775,377.5,2.452
1776,377.6,2.834
1777,377.7,6.625
1778,377.8,16.62
1779,377.9,37.23
1780,378.0,72.76
1781,378.1,123.7
1782,378.2,182.9
1783,378.3,235.1
1784,378.4,262.9
1785,378.5,255.7
1786,378.6,216.2
1787,378.7,159.0
1788,378.8,101.7
1789,378.9,56.58
1790,379.0,27.37
1791,379.1,11.53
1792,379.2,4.258
1793,379.3,1.494
1794,379.4,0.816
1795,379.5,1.215
1796,379.6,2.496
1797,379.7,4.751
1798,379.8,7.924
1799,379.9,11.51
1800,380.0,14.57
1801,380.1,16.05
1802,380.2,15.4
1803,380.3,12.86
1804,380.4,9.356
1805,380.5,5.926
1806,380.6,3.27
1807,380.7,1.581
1808,380.8,0.708
1809,380.9,0.435
1810,381.0,0.722
1811,381.1,1.886
1812,381.2,4.712
1813,381.3,10.4
1814,381.4,20.08
1815,381.5,33.94
1816,381.6,50.15
1817,381.7,64.81
1818,381.8,73.22
1819,381.9,72.31
1820,382.0,62.41
1821,382.1,47.07
1822,382.2,31.01
1823,382.3,17.85
1824,382.4,8.974
1825,382.5,3.939
1826,382.6,1.51
1827,382.7,0.505
1828,382.8,0.148
1829,382.9,0.038
1830,383.0,0.008
1831,383.1,0.002
1832,383.2,0.0
1833,383.3,0.0
1834,383.4,0.0
1835,383.5,0.0
1836,383.6,0.0
1837,383.7,0.0
1838,383.8,0.0
1839,383.9,0.0
1840,384.0,0.0
1841,384.1,0.0
1842,384.2,0.0
1843,384.3,0.0
1844,384.4,0.0
1845,384.5,0.0
1846,384.6,0.0
1847,384.7,0.0
1848,384.8,0.0
1849,384.9,0.0
1850,385.0,0.0
1851,385.1,0.002
1852,385.2,0.008
1853,385.3,0.03
1854,385.4,0.101
1855,385.5,0.311
1856,385.6,0.932
1857,385.7,3.107
1858,385.8,12.83
1859,385.9,61.04
1860,386.0,289.6
1861,386.1,1262.0
1862,386.2,4894.0
1863,386.3,16750.0
1864,386.4,50500.0
1865,386.5,134200.0
1866,386.6,314800.0
1867,386.7,653700.0
1868,386.8,1206000.0
1869,386.9,1986000.0
1870,387.0,2940000.0
1871,387.1,3952000.0
1872,387.2,4884000.0
1873,387.3,5625000.0
1874,387.4,6113000.0
1875,387.5,6301000.0
1876,387.6,6137000.0
1877,387.7,5581000.0
1878,387.8,4666000.0
1879,387.9,3535000.0
1880,388.0,2400000.0
1881,388.1,1448000.0
1882,388.2,772100.0
1883,388.3,362600.0
1884,388.4,149700.0
1885,388.5,54220.0
1886,388.6,17220.0
1887,388.7,4796.0
1888,388.8,1171.0
1889,388.9,252.2
1890,389.0,51.11
1891,389.1,18.93
1892,389.2,30.42
1893,389.3,68.76
1894,389.4,141.4
1895,389.5,255.5
1896,389.6,404.9
1897,389.7,562.7
1898,389.8,685.4
1899,389.9,732.0
1900,390.0,685.4
1901,390.1,562.7
1902,390.2,404.9
1903,390.3,255.5
1904,390.4,141.4
1905,390.5,68.56
1906,390.6,29.15
1907,390.7,10.87
1908,390.8,3.552
1909,390.9,1.018
1910,391.0,0.256
1911,391.1,0.056
1912,391.2,0.011
1913,391.3,0.005
1914,391.4,0.044
1915,391.5,0.6
1916,391.6,7.257
1917,391.7,77.16
1918,391.8,721.0
1919,391.9,5921.0
1920,392.0,42730.0
1921,392.1,271000.0
1922,392.2,1510000.0
1923,392.3,7398999.999
1924,392.4,31849999.995
1925,392.5,120499999.983
1926,392.6,400599999.95
1927,392.7,1169999999.871
1928,392.8,3004999999.71
1929,392.9,6780999999.446
1930,393.0,13449999999.086
1931,393.1,23439999998.73
1932,393.2,35889999998.576
1933,393.3,48309999998.768
1934,393.4,57149999999.353
1935,393.5,59400000000.169
1936,393.6,54270000000.927
1937,393.7,43570000001.359
1938,393.8,30740000001.401
1939,393.9,19060000001.14
1940,394.0,10390000000.77
1941,394.1,4974000000.439
1942,394.2,2093000000.215
1943,394.3,774200000.091
1944,394.4,251700000.033
1945,394.5,72100000.01
1946,394.6,18460000.003
1947,394.7,4635000.001
1948,394.8,1677000.0
1949,394.9,1238000.0
1950,395.0,1230000.0
1951,395.1,1218000.0
1952,395.2,1193000.0
1953,395.3,1260000.0
1954,395.4,1526000.0
1955,395.5,2041000.0
1956,395.6,2841000.0
1957,395.7,4358000.0
1958,395.8,9014999.999
1959,395.9,26199999.997
1960,396.0,85379999.989
1961,396.1,264299999.968
1962,396.2,734399999.921
1963,396.3,1805999999.831
1964,396.4,3915999999.69
1965,396.5,7479999999.513
1966,396.6,12589999999.355
1967,396.7,18649999999.312
1968,396.8,24349999999.446
1969,396.9,27999999999.762
1970,397.0,28360000000.162
1971,397.1,25300000000.506
1972,397.2,19880000000.677
1973,397.3,13760000000.663
1974,397.4,8391000000.525
1975,397.5,4508000000.347
1976,397.6,2135000000.195
1977,397.7,891300000.093
1978,397.8,328500000.039
1979,397.9,107100000.014
1980,398.0,31020000.005
1981,398.1,8032000.001
1982,398.2,1883000.0
1983,398.3,407700.0
1984,398.4,83600.0
1985,398.5,16650.0
1986,398.6,3253.0
1987,398.7,617.9
1988,398.8,112.1
1989,398.9,20.91
1990,399.0,8.371
1991,399.1,11.67
1992,399.2,20.22
1993,399.3,31.97
1994,399.4,45.17
1995,399.5,57.59
1996,399.6,67.78
1997,399.7,76.35
1998,399.8,85.99
1999,399.9,99.35
2000,400.0,116.2
2001,400.1,132.0
2002,400.2,139.9
2003,400.3,134.8
2004,400.4,116.5
2005,400.5,90.17
2006,400.6,63.76
2007,400.7,44.25
2008,400.8,35.57
2009,400.9,38.17
2010,401.0,49.46
2011,401.1,64.59
2012,401.2,77.59
2013,401.3,83.25
2014,401.4,79.13
2015,401.5,66.49
2016,401.6,49.36
2017,401.7,32.39
2018,401.8,18.84
2019,401.9,9.859
2020,402.0,4.95
2021,402.1,2.954
2022,402.2,2.747
2023,402.3,3.483
2024,402.4,4.536
2025,402.5,5.409
2026,402.6,5.742
2027,402.7,5.399
2028,402.8,4.502
2029,402.9,3.425
2030,403.0,3.019
2031,403.1,6.52
2032,403.2,28.96
2033,403.3,135.1
2034,403.4,569.2
2035,403.5,2130.0
2036,403.6,7064.0
2037,403.7,20770.0
2038,403.8,54130.0
2039,403.9,125200.0
2040,404.0,257000.0
2041,404.1,469100.0
2042,404.2,763000.0
2043,404.3,1108000.0
2044,404.4,1443000.0
2045,404.5,1691000.0
2046,404.6,1793000.0
2047,404.7,1728000.0
2048,404.8,1522000.0
2049,404.9,1228000.0
2050,405.0,908200.0
2051,405.1,615400.0
2052,405.2,380600.0
2053,405.3,213700.0
2054,405.4,108400.0
2055,405.5,49480.0
2056,405.6,20220.0
2057,405.7,7376.0
2058,405.8,2396.0
2059,405.9,691.9
2060,406.0,177.4
2061,406.1,40.33
2062,406.2,8.128
2063,406.3,1.451
2064,406.4,0.23
2065,406.5,0.032
2066,406.6,0.004
2067,406.7,0.0
2068,406.8,0.0
2069,406.9,0.0
2070,407.0,0.0
2071,407.1,0.0
2072,407.2,0.0
2073,407.3,0.0
2074,407.4,0.0
2075,407.5,0.002
2076,407.6,0.022
2077,407.7,0.172
2078,407.8,1.206
2079,407.9,7.527
2080,408.0,41.76
2081,408.1,206.0
2082,408.2,904.4
2083,408.3,3536.0
2084,408.4,12330.0
2085,408.5,38360.0
2086,408.6,106700.0
2087,408.7,266200.0
2088,408.8,596100.0
2089,408.9,1203000.0
2090,409.0,2197000.0
2091,409.1,3647000.0
2092,409.2,5536000.0
2093,409.3,7737000.0
2094,409.4,10030000.0
2095,409.5,12160000.0
2096,409.6,13870000.0
2097,409.7,14930000.0
2098,409.8,15160000.0
2099,409.9,14450000.0
2100,410.0,12880000.0
2101,410.1,10780000.0
2102,410.2,8763000.0
2103,410.3,7647000.0
2104,410.4,8268000.0
2105,410.5,11229999.999
2106,410.6,16599999.999
2107,410.7,23619999.999
2108,410.8,30659999.999
2109,410.9,35690000.0
2110,411.0,37070000.0
2111,411.1,34310000.001
2112,411.2,28280000.001
2113,411.3,20770000.001
2114,411.4,13590000.001
2115,411.5,7930000.001
2116,411.6,4126000.0
2117,411.7,1915000.0
2118,411.8,793400.0
2119,411.9,293500.0
2120,412.0,96960.0
2121,412.1,28630.0
2122,412.2,7562.0
2123,412.3,1789.0
2124,412.4,380.0
2125,412.5,73.18
2126,412.6,14.25
2127,412.7,6.859
2128,412.8,13.23
2129,412.9,30.75
2130,413.0,64.91
2131,413.1,122.0
2132,413.2,204.1
2133,413.3,303.8
2134,413.4,402.2
2135,413.5,473.7
2136,413.6,496.4
2137,413.7,462.8
2138,413.8,383.8
2139,413.9,283.3
2140,414.0,186.4
2141,414.1,110.1
2142,414.2,60.64
2143,414.3,36.57
2144,414.4,33.89
2145,414.5,49.44
2146,414.6,80.9
2147,414.7,124.4
2148,414.8,172.1
2149,414.9,212.4
2150,415.0,233.6
2151,415.1,228.7
2152,415.2,199.3
2153,415.3,154.7
2154,415.4,106.9
2155,415.5,65.8
2156,415.6,36.05
2157,415.7,17.59
2158,415.8,7.64
2159,415.9,2.955
2160,416.0,1.018
2161,416.1,0.312
2162,416.2,0.085
2163,416.3,0.021
2164,416.4,0.004
2165,416.5,0.001
2166,416.6,0.0
2167,416.7,0.0
2168,416.8,0.0
2169,416.9,0.0
2170,417.0,0.0
2171,417.1,0.001
2172,417.2,0.004
2173,417.3,0.023
2174,417.4,0.112
2175,417.5,0.488
2176,417.6,1.896
2177,417.7,6.573
2178,417.8,20.33
2179,417.9,56.11
2180,418.0,138.2
2181,418.1,303.5
2182,418.2,594.9
2183,418.3,1040.0
2184,418.4,1623.0
2185,418.5,2260.0
2186,418.6,2806.0
2187,418.7,3110.0
2188,418.8,3075.0
2189,418.9,2712.0
2190,419.0,2134.0
2191,419.1,1499.0
2192,419.2,938.9
2193,419.3,524.8
2194,419.4,261.7
2195,419.5,116.4
2196,419.6,46.22
2197,419.7,16.37
2198,419.8,5.173
2199,419.9,1.458
2200,420.0,0.367
2201,420.1,0.082
2202,420.2,0.016
2203,420.3,0.003
2204,420.4,0.0
2205,420.5,0.0
2206,420.6,0.001
2207,420.7,0.013
2208,420.8,0.128
2209,420.9,1.119
2210,421.0,8.765
2211,421.1,61.41
2212,421.2,384.7
2213,421.3,2155.0
2214,421.4,10790.0
2215,421.5,48330.0
2216,421.6,193500.0
2217,421.7,692900.0
2218,421.8,2218000.0
2219,421.9,6349999.999
2220,422.0,16249999.998
2221,422.1,37199999.996
2222,422.2,76129999.994
2223,422.3,139299999.99
2224,422.4,227899999.987
2225,422.5,333399999.986
2226,422.6,436099999.988
2227,422.7,509999999.993
2228,422.8,533400000.001
2229,422.9,498700000.008
2230,423.0,417000000.012
2231,423.1,311700000.014
2232,423.2,208400000.012
2233,423.3,124500000.009
2234,423.4,66560000.006
2235,423.5,31810000.003
2236,423.6,13590000.002
2237,423.7,5192000.001
2238,423.8,1774000.0
2239,423.9,541700.0
2240,424.0,148000.0
2241,424.1,36130.0
2242,424.2,7889.0
2243,424.3,1540.0
2244,424.4,268.9
2245,424.5,41.97
2246,424.6,5.858
2247,424.7,0.731
2248,424.8,0.082
2249,424.9,0.01
2250,425.0,0.008
2251,425.1,0.035
2252,425.2,0.147
2253,425.3,0.549
2254,425.4,1.842
2255,425.5,5.531
2256,425.6,14.88
2257,425.7,35.87
2258,425.8,77.46
2259,425.9,149.9
2260,426.0,259.7
2261,426.1,403.2
2262,426.2,560.8
2263,426.3,698.7
2264,426.4,780.0
2265,426.5,780.0
2266,426.6,699.1
2267,426.7,563.5
2268,426.8,420.0
2269,426.9,352.5
2270,427.0,610.4
2271,427.1,2127.0
2272,427.2,8214.0
2273,427.3,29280.0
2274,427.4,93910.0
2275,427.5,270200.0
2276,427.6,697500.0
2277,427.7,1615000.0
2278,427.8,3353000.0
2279,427.9,6247000.0
2280,428.0,10449999.999
2281,428.1,15719999.999
2282,428.2,21299999.999
2283,428.3,26119999.999
2284,428.4,29260000.0
2285,428.5,30400000.0
2286,428.6,29990000.0
2287,428.7,28980000.0
2288,428.8,28130000.0
2289,428.9,27550000.0
2290,429.0,26710000.0
2291,429.1,24920000.0
2292,429.2,21940000.0
2293,429.3,18260000.0
2294,429.4,15000000.0
2295,429.5,13480000.0
2296,429.6,14890000.0
2297,429.7,20049999.999
2298,429.8,29339999.999
2299,429.9,42479999.998
2300,430.0,58359999.998
2301,430.1,74799999.998
2302,430.2,88789999.998
2303,430.3,97339999.999
2304,430.4,98590000.0
2305,430.5,92710000.001
2306,430.6,81740000.002
2307,430.7,68550000.002
2308,430.8,55530000.002
2309,430.9,43910000.001
2310,431.0,33900000.001
2311,431.1,25390000.001
2312,431.2,18470000.001
2313,431.3,13540000.0
2314,431.4,11080000.0
2315,431.5,11330000.0
2316,431.6,14050000.0
2317,431.7,18429999.999
2318,431.8,23109999.999
2319,431.9,26590000.0
2320,432.0,27680000.0
2321,432.1,25930000.0
2322,432.2,21840000.001
2323,432.3,16520000.001
2324,432.4,11230000.001
2325,432.5,6862000.0
2326,432.6,3765000.0
2327,432.7,1856000.0
2328,432.8,822000.0
2329,432.9,327000.0
2330,433.0,116900.0
2331,433.1,37530.0
2332,433.2,10830.0
2333,433.3,2807.0
2334,433.4,657.5
2335,433.5,145.5
2336,433.6,42.04
2337,433.7,31.32
2338,433.8,40.75
2339,433.9,54.32
2340,434.0,69.87
2341,434.1,101.2
2342,434.2,221.6
2343,434.3,722.4
2344,434.4,2606.0
2345,434.5,8912.0
2346,434.6,27740.0
2347,434.7,77860.0
2348,434.8,196800.0
2349,434.9,447800.0
2350,435.0,916800.0
2351,435.1,1689000.0
2352,435.2,2802000.0
2353,435.3,4182000.0
2354,435.4,5617000.0
2355,435.5,6791000.0
2356,435.6,7388000.0
2357,435.7,7234000.0
2358,435.8,6375000.0
2359,435.9,5055000.0
2360,436.0,3608000.0
2361,436.1,2318000.0
2362,436.2,1340000.0
2363,436.3,697100.0
2364,436.4,326400.0
2365,436.5,137500.0
2366,436.6,52170.0
2367,436.7,17810.0
2368,436.8,5471.0
2369,436.9,1513.0
2370,437.0,376.9
2371,437.1,84.62
2372,437.2,17.16
2373,437.3,3.156
2374,437.4,0.533
2375,437.5,0.087
2376,437.6,0.026
2377,437.7,0.053
2378,437.8,0.177
2379,437.9,0.548
2380,438.0,1.53
2381,438.1,3.855
2382,438.2,8.752
2383,438.3,17.91
2384,438.4,33.05
2385,438.5,54.96
2386,438.6,82.4
2387,438.7,111.3
2388,438.8,135.6
2389,438.9,148.9
2390,439.0,147.4
2391,439.1,131.5
2392,439.2,105.7
2393,439.3,76.62
2394,439.4,50.06
2395,439.5,29.48
2396,439.6,15.65
2397,439.7,7.49
2398,439.8,3.231
2399,439.9,1.256
2400,440.0,0.44
2401,440.1,0.139
2402,440.2,0.04
2403,440.3,0.01
2404,440.4,0.002
2405,440.5,0.001
2406,440.6,0.006
2407,440.7,0.049
2408,440.8,0.344
2409,440.9,2.206
2410,441.0,12.77
2411,441.1,66.71
2412,441.2,314.7
2413,441.3,1341.0
2414,441.4,5158.0
2415,441.5,17920.0
2416,441.6,56190.0
2417,441.7,159200.0
2418,441.8,407000.0
2419,441.9,939900.0
2420,442.0,1960000.0
2421,442.1,3691000.0
2422,442.2,6276000.0
2423,442.3,9638999.999
2424,442.4,13379999.999
2425,442.5,16800000.0
2426,442.6,19140000.0
2427,442.7,19960000.0
2428,442.8,19430000.0
2429,442.9,18450000.0
2430,443.0,18420000.0
2431,443.1,20739999.999
2432,443.2,26169999.999
2433,443.3,34359999.999
2434,443.4,43719999.999
2435,443.5,51779999.999
2436,443.6,56080000.0
2437,443.7,55170000.001
2438,443.8,49150000.001
2439,443.9,39620000.001
2440,444.0,28880000.001
2441,444.1,19050000.001
2442,444.2,11360000.001
2443,444.3,6141000.001
2444,444.4,3044000.0
2445,444.5,1501000.0
2446,444.6,1057000.0
2447,444.7,1582000.0
2448,444.8,3360000.0
2449,444.9,7086999.999
2450,445.0,13709999.999
2451,445.1,24059999.998
2452,445.2,38219999.998
2453,445.3,54949999.998
2454,445.4,71509999.998
2455,445.5,84249999.999
2456,445.6,89860000.0
2457,445.7,86790000.001
2458,445.8,75900000.002
2459,445.9,60130000.002
2460,446.0,43140000.002
2461,446.1,28040000.002
2462,446.2,16520000.001
2463,446.3,8815000.001
2464,446.4,4264000.0
2465,446.5,1869000.0
2466,446.6,743000.0
2467,446.7,267800.0
2468,446.8,87520.0
2469,446.9,25960.0
2470,447.0,7005.0
2471,447.1,1730.0
2472,447.2,398.2
2473,447.3,89.97
2474,447.4,22.2
2475,447.5,6.701
2476,447.6,2.435
2477,447.7,0.941
2478,447.8,0.351
2479,447.9,0.121
2480,448.0,0.038
2481,448.1,0.011
2482,448.2,0.003
2483,448.3,0.001
2484,448.4,0.0
2485,448.5,0.0
2486,448.6,0.0
2487,448.7,0.0
2488,448.8,0.0
2489,448.9,0.0
2490,449.0,0.0
2491,449.1,0.001
2492,449.2,0.003
2493,449.3,0.011
2494,449.4,0.04
2495,449.5,0.132
2496,449.6,0.397
2497,449.7,1.085
2498,449.8,2.685
2499,449.9,6.021
2500,450.0,12.23
2501,450.1,22.53
2502,450.2,37.59
2503,450.3,56.85
2504,450.4,77.91
2505,450.5,96.76
2506,450.6,108.9
2507,450.7,111.1
2508,450.8,102.7
2509,450.9,86.08
2510,451.0,65.94
2511,451.1,48.72
2512,451.2,47.54
2513,451.3,106.3
2514,451.4,387.5
2515,451.5,1447.0
2516,451.6,4984.0
2517,451.7,15600.0
2518,451.8,44290.0
2519,451.9,114100.0
2520,452.0,266500.0
2521,452.1,564900.0
2522,452.2,1086000.0
2523,452.3,1893000.0
2524,452.4,2994000.0
2525,452.5,4296000.0
2526,452.6,5590000.0
2527,452.7,6598000.0
2528,452.8,7065000.0
2529,452.9,6861000.0
2530,453.0,6044000.0
2531,453.1,4829000.0
2532,453.2,3500000.0
2533,453.3,2301000.0
2534,453.4,1372000.0
2535,453.5,742300.0
2536,453.6,364200.0
2537,453.7,162100.0
2538,453.8,65430.0
2539,453.9,23960.0
2540,454.0,7958.0
2541,454.1,2397.0
2542,454.2,655.2
2543,454.3,162.4
2544,454.4,36.52
2545,454.5,7.447
2546,454.6,1.378
2547,454.7,0.231
2548,454.8,0.035
2549,454.9,0.005
2550,455.0,0.001
2551,455.1,0.0
2552,455.2,0.0
2553,455.3,0.0
2554,455.4,0.0
2555,455.5,0.0
2556,455.6,0.0
2557,455.7,0.0
2558,455.8,0.001
2559,455.9,0.007
2560,456.0,0.047
2561,456.1,0.298
2562,456.2,1.711
2563,456.3,8.931
2564,456.4,42.42
2565,456.5,183.3
2566,456.6,721.5
2567,456.7,2586.0
2568,456.8,8449.0
2569,456.9,25180.0
2570,457.0,68490.0
2571,457.1,170300.0
2572,457.2,387700.0
2573,457.3,809300.0
2574,457.4,1552000.0
2575,457.5,2744000.0
2576,457.6,4481000.0
2577,457.7,6785000.0
2578,457.8,9563000.0
2579,457.9,12610000.0
2580,458.0,15630000.0
2581,458.1,18360000.0
2582,458.2,20590000.0
2583,458.3,22180000.0
2584,458.4,23100000.0
2585,458.5,23250000.0
2586,458.6,22540000.0
2587,458.7,20880000.0
2588,458.8,18290000.0
2589,458.9,15010000.001
2590,459.0,11440000.001
2591,459.1,8045000.0
2592,459.2,5196000.0
2593,459.3,3072000.0
2594,459.4,1659000.0
2595,459.5,817300.0
2596,459.6,366700.0
2597,459.7,149800.0
2598,459.8,55720.0
2599,459.9,18850.0
2600,460.0,5805.0
2601,460.1,1632.0
2602,460.2,430.7
2603,460.3,130.1
2604,460.4,82.36
2605,460.5,106.3
2606,460.6,154.2
2607,460.7,209.6
2608,460.8,260.1
2609,460.9,294.0
2610,461.0,302.4
2611,461.1,283.1
2612,461.2,241.2
2613,461.3,187.1
2614,461.4,132.1
2615,461.5,84.87
2616,461.6,49.63
2617,461.7,26.42
2618,461.8,12.8
2619,461.9,5.644
2620,462.0,2.265
2621,462.1,0.827
2622,462.2,0.275
2623,462.3,0.083
2624,462.4,0.023
2625,462.5,0.006
2626,462.6,0.001
2627,462.7,0.0
2628,462.8,0.0
2629,462.9,0.0
2630,463.0,0.0
2631,463.1,0.0
2632,463.2,0.0
2633,463.3,0.0
2634,463.4,0.0
2635,463.5,0.0
2636,463.6,0.0
2637,463.7,0.0
2638,463.8,0.0
2639,463.9,0.0
2640,464.0,0.0
2641,464.1,0.0
2642,464.2,0.0
2643,464.3,0.0
2644,464.4,0.0
2645,464.5,0.0
2646,464.6,0.002
2647,464.7,0.006
2648,464.8,0.022
2649,464.9,0.067
2650,465.0,0.188
2651,465.1,0.482
2652,465.2,1.124
2653,465.3,2.391
2654,465.4,4.64
2655,465.5,8.212
2656,465.6,13.26
2657,465.7,19.51
2658,465.8,26.2
2659,465.9,32.08
2660,466.0,35.83
2661,466.1,36.5
2662,466.2,33.9
2663,466.3,28.73
2664,466.4,22.2
2665,466.5,15.65
2666,466.6,10.06
2667,466.7,5.943
2668,466.8,3.424
2669,466.9,2.951
2670,467.0,7.393
2671,467.1,29.34
2672,467.2,115.1
2673,467.3,415.1
2674,467.4,1368.0
2675,467.5,4118.0
2676,467.6,11320.0
2677,467.7,28380.0
2678,467.8,65010.0
2679,467.9,135900.0
2680,468.0,259400.0
2681,468.1,452100.0
2682,468.2,719400.0
2683,468.3,1045000.0
2684,468.4,1386000.0
2685,468.5,1678000.0
2686,468.6,1855000.0
2687,468.7,1872000.0
2688,468.8,1724000.0
2689,468.9,1450000.0
2690,469.0,1114000.0
2691,469.1,780800.0
2692,469.2,499800.0
2693,469.3,292000.0
2694,469.4,155800.0
2695,469.5,75890.0
2696,469.6,33750.0
2697,469.7,13700.0
2698,469.8,5078.0
2699,469.9,1718.0
2700,470.0,530.8
2701,470.1,149.7
2702,470.2,38.55
2703,470.3,9.062
2704,470.4,1.945
2705,470.5,0.381
2706,470.6,0.068
2707,470.7,0.011
2708,470.8,0.002
2709,470.9,0.0
2710,471.0,0.0
2711,471.1,0.0
2712,471.2,0.0
2713,471.3,0.0
2714,471.4,0.0
2715,471.5,0.0
2716,471.6,0.0
2717,471.7,0.0
2718,471.8,0.0
2719,471.9,0.0
2720,472.0,0.0
2721,472.1,0.0
2722,472.2,0.0
2723,472.3,0.0
2724,472.4,0.0
2725,472.5,0.0
2726,472.6,0.0
2727,472.7,0.0
2728,472.8,0.0
2729,472.9,0.0
2730,473.0,0.0
2731,473.1,0.0
2732,473.2,0.0
2733,473.3,0.0
2734,473.4,0.0
2735,473.5,0.0
2736,473.6,0.0
2737,473.7,0.0
2738,473.8,0.0
2739,473.9,0.0
2740,474.0,0.0
2741,474.1,0.0
2742,474.2,0.0
2743,474.3,0.0
2744,474.4,0.0
2745,474.5,0.0
2746,474.6,0.0
2747,474.7,0.0
2748,474.8,0.0
2749,474.9,0.0
2750,475.0,0.0
2751,475.1,0.0
2752,475.2,0.0
2753,475.3,0.0
2754,475.4,0.0
2755,475.5,0.0
2756,475.6,0.0
2757,475.7,0.0
2758,475.8,0.0
2759,475.9,0.0
2760,476.0,0.0
2761,476.1,0.0
2762,476.2,0.0
2763,476.3,0.0
2764,476.4,0.0
2765,476.5,0.0
2766,476.6,0.0
2767,476.7,0.0
2768,476.8,0.0
2769,476.9,0.0
2770,477.0,0.0
2771,477.1,0.0
2772,477.2,0.0
2773,477.3,0.0
2774,477.4,0.0
2775,477.5,0.0
2776,477.6,0.0
2777,477.7,0.0
2778,477.8,0.0
2779,477.9,0.0
2780,478.0,0.0
2781,478.1,0.0
2782,478.2,0.0
2783,478.3,0.0
2784,478.4,0.0
2785,478.5,0.0
2786,478.6,0.0
2787,478.7,0.0
2788,478.8,0.0
2789,478.9,0.0
2790,479.0,0.0
2791,479.1,0.0
2792,479.2,0.0
2793,479.3,0.0
2794,479.4,0.0
2795,479.5,0.0
2796,479.6,0.0
2797,479.7,0.0
2798,479.8,0.0
2799,479.9,0.0
2800,480.0,0.0
2801,480.1,0.0
2802,480.2,0.0
2803,480.3,0.0
2804,480.4,0.0
2805,480.5,0.0
2806,480.6,0.0
2807,480.7,0.0
2808,480.8,0.0
2809,480.9,0.0
2810,481.0,0.0
2811,481.1,0.0
2812,481.2,0.0
2813,481.3,0.001
2814,481.4,0.003
2815,481.5,0.011
2816,481.6,0.04
2817,481.7,0.132
2818,481.8,0.407
2819,481.9,1.148
2820,482.0,2.973
2821,482.1,7.066
2822,482.2,15.41
2823,482.3,30.86
2824,482.4,56.71
2825,482.5,95.66
2826,482.6,148.1
2827,482.7,210.5
2828,482.8,274.5
2829,482.9,328.7
2830,483.0,361.2
2831,483.1,364.3
2832,483.2,337.2
2833,483.3,286.5
2834,483.4,223.5
2835,483.5,160.0
2836,483.6,105.1
2837,483.7,63.4
2838,483.8,35.09
2839,483.9,17.83
2840,484.0,8.315
2841,484.1,3.559
2842,484.2,1.398
2843,484.3,0.504
2844,484.4,0.167
2845,484.5,0.051
2846,484.6,0.014
2847,484.7,0.004
2848,484.8,0.001
2849,484.9,0.0
2850,485.0,0.0
2851,485.1,0.0
2852,485.2,0.0
2853,485.3,0.0
2854,485.4,0.0
2855,485.5,0.0
2856,485.6,0.001
2857,485.7,0.005
2858,485.8,0.029
2859,485.9,0.172
2860,486.0,0.921
2861,486.1,4.542
2862,486.2,20.6
2863,486.3,85.91
2864,486.4,329.4
2865,486.5,1161.0
2866,486.6,3764.0
2867,486.7,11220.0
2868,486.8,30740.0
2869,486.9,77450.0
2870,487.0,179400.0
2871,487.1,382100.0
2872,487.2,748100.0
2873,487.3,1347000.0
2874,487.4,2230000.0
2875,487.5,3393000.0
2876,487.6,4749000.0
2877,487.7,6109000.0
2878,487.8,7227000.0
2879,487.9,7860000.0
2880,488.0,7860000.0
2881,488.1,7227000.0
2882,488.2,6109000.0
2883,488.3,4749000.0
2884,488.4,3393000.0
2885,488.5,2230000.0
2886,488.6,1347000.0
2887,488.7,748100.0
2888,488.8,382100.0
2889,488.9,179400.0
2890,489.0,77450.0
2891,489.1,30740.0
2892,489.2,11220.0
2893,489.3,3764.0
2894,489.4,1162.0
2895,489.5,333.8
2896,489.6,104.8
2897,489.7,94.64
2898,489.8,272.0
2899,489.9,890.2
2900,490.0,2722.0
2901,490.1,7668.0
2902,490.2,19880.0
2903,490.3,47460.0
2904,490.4,104300.0
2905,490.5,210900.0
2906,490.6,392600.0
2907,490.7,672800.0
2908,490.8,1061000.0
2909,490.9,1541000.0
2910,491.0,2059000.0
2911,491.1,2534000.0
2912,491.2,2872000.0
2913,491.3,3000000.0
2914,491.4,2896000.0
2915,491.5,2602000.0
2916,491.6,2214000.0
2917,491.7,1864000.0
2918,491.8,1681000.0
2919,491.9,1768000.0
2920,492.0,2174000.0
2921,492.1,2879000.0
2922,492.2,3785000.0
2923,492.3,4722000.0
2924,492.4,5487000.0
2925,492.5,5896000.0
2926,492.6,5843000.0
2927,492.7,5335000.0
2928,492.8,4486000.0
2929,492.9,3474000.0
2930,493.0,2478000.0
2931,493.1,1627000.0
2932,493.2,984100.0
2933,493.3,548100.0
2934,493.4,281100.0
2935,493.5,132700.0
2936,493.6,57730.0
2937,493.7,23120.0
2938,493.8,8526.0
2939,493.9,2895.0
2940,494.0,905.4
2941,494.1,260.7
2942,494.2,69.14
2943,494.3,16.89
2944,494.4,3.797
2945,494.5,0.788
2946,494.6,0.157
2947,494.7,0.06
2948,494.8,0.158
2949,494.9,0.658
2950,495.0,2.586
2951,495.1,9.389
2952,495.2,31.43
2953,495.3,97.0
2954,495.4,276.1
2955,495.5,724.6
2956,495.6,1754.0
2957,495.7,3914.0
2958,495.8,8054.0
2959,495.9,15280.0
2960,496.0,26740.0
2961,496.1,43150.0
2962,496.2,64200.0
2963,496.3,88080.0
2964,496.4,111400.0
2965,496.5,130000.0
2966,496.6,139800.0
2967,496.7,138700.0
2968,496.8,126900.0
2969,496.9,107000.0
2970,497.0,83220.0
2971,497.1,59680.0
2972,497.2,39470.0
2973,497.3,24070.0
2974,497.4,13530.0
2975,497.5,7017.0
2976,497.6,3355.0
2977,497.7,1479.0
2978,497.8,601.4
2979,497.9,225.4
2980,498.0,77.94
2981,498.1,24.87
2982,498.2,7.444
2983,498.3,2.706
2984,498.4,3.919
2985,498.5,15.01
2986,498.6,59.85
2987,498.7,221.9
2988,498.8,759.4
2989,498.9,2400.0
2990,499.0,7003.0
2991,499.1,18860.0
2992,499.2,46900.0
2993,499.3,107700.0
2994,499.4,228200.0
2995,499.5,446500.0
2996,499.6,806600.0
2997,499.7,1345000.0
2998,499.8,2071000.0
2999,499.9,2943000.0
3000,500.0,3862000.0
3001,500.1,4679000.0
3002,500.2,5233000.0
3003,500.3,5403000.0
3004,500.4,5150000.0
3005,500.5,4532000.0
3006,500.6,3682000.0
3007,500.7,2764000.0
3008,500.8,1919000.0
3009,500.9,1243000.0
3010,501.0,774700.0
3011,501.1,519800.0
3012,501.2,475800.0
3013,501.3,655100.0
3014,501.4,1094000.0
3015,501.5,1838000.0
3016,501.6,2915000.0
3017,501.7,4294000.0
3018,501.8,5848000.0
3019,501.9,7361000.0
3020,502.0,8558000.0
3021,502.1,9191000.0
3022,502.2,9118000.0
3023,502.3,8356000.0
3024,502.4,7074000.0
3025,502.5,5532000.0
3026,502.6,3996000.0
3027,502.7,2667000.0
3028,502.8,1645000.0
3029,502.9,938700.0
3030,503.0,500200.0
3031,503.1,260300.0
3032,503.2,159500.0
3033,503.3,163600.0
3034,503.4,268400.0
3035,503.5,496500.0
3036,503.6,886600.0
3037,503.7,1476000.0
3038,503.8,2273000.0
3039,503.9,3238000.0
3040,504.0,4264000.0
3041,504.1,5191000.0
3042,504.2,5841000.0
3043,504.3,6075000.0
3044,504.4,5841000.0
3045,504.5,5191000.0
3046,504.6,4264000.0
3047,504.7,3238000.0
3048,504.8,2273000.0
3049,504.9,1475000.0
3050,505.0,884700.0
3051,505.1,490500.0
3052,505.2,251400.0
3053,505.3,119100.0
3054,505.4,52180.0
3055,505.5,21140.0
3056,505.6,7938.0
3057,505.7,2775.0
3058,505.8,917.0
3059,505.9,298.9
3060,506.0,105.9
3061,506.1,46.26
3062,506.2,25.29
3063,506.3,15.42
3064,506.4,9.407
3065,506.5,5.456
3066,506.6,2.952
3067,506.7,1.482
3068,506.8,0.688
3069,506.9,0.296
3070,507.0,0.118
3071,507.1,0.043
3072,507.2,0.015
3073,507.3,0.005
3074,507.4,0.001
3075,507.5,0.0
3076,507.6,0.0
3077,507.7,0.0
3078,507.8,0.0
3079,507.9,0.0
3080,508.0,0.0
3081,508.1,0.0
3082,508.2,0.0
3083,508.3,0.0
3084,508.4,0.0
3085,508.5,0.0
3086,508.6,0.0
3087,508.7,0.0
3088,508.8,0.0
3089,508.9,0.0
3090,509.0,0.0
3091,509.1,0.0
3092,509.2,0.003
3093,509.3,0.014
3094,509.4,0.064
3095,509.5,0.279
3096,509.6,1.122
3097,509.7,4.182
3098,509.8,14.44
3099,509.9,46.17
3100,510.0,136.8
3101,510.1,375.4
3102,510.2,954.4
3103,510.3,2248.0
3104,510.4,4904.0
3105,510.5,9912.0
3106,510.6,18560.0
3107,510.7,32190.0
3108,510.8,51720.0
3109,510.9,76970.0
3110,511.0,106100.0
3111,511.1,135600.0
3112,511.2,160400.0
3113,511.3,175800.0
3114,511.4,178500.0
3115,511.5,167900.0
3116,511.6,146300.0
3117,511.7,118100.0
3118,511.8,88330.0
3119,511.9,61190.0
3120,512.0,39270.0
3121,512.1,23340.0
3122,512.2,12860.0
3123,512.3,6558.0
3124,512.4,3099.0
3125,512.5,1357.0
3126,512.6,550.3
3127,512.7,206.7
3128,512.8,71.95
3129,512.9,23.2
3130,513.0,6.928
3131,513.1,1.917
3132,513.2,0.491
3133,513.3,0.117
3134,513.4,0.026
3135,513.5,0.005
3136,513.6,0.001
3137,513.7,0.0
3138,513.8,0.0
3139,513.9,0.0
3140,514.0,0.0
3141,514.1,0.0
3142,514.2,0.0
3143,514.3,0.0
3144,514.4,0.0
3145,514.5,0.0
3146,514.6,0.0
3147,514.7,0.0
3148,514.8,0.0
3149,514.9,0.0
3150,515.0,0.0
3151,515.1,0.0
3152,515.2,0.0
3153,515.3,0.0
3154,515.4,0.0
3155,515.5,0.0
3156,515.6,0.0
3157,515.7,0.0
3158,515.8,0.0
3159,515.9,0.0
3160,516.0,0.0
3161,516.1,0.0
3162,516.2,0.0
3163,516.3,0.0
3164,516.4,0.0
3165,516.5,0.0
3166,516.6,0.003
3167,516.7,0.018
3168,516.8,0.096
3169,516.9,0.482
3170,517.0,2.258
3171,517.1,9.82
3172,517.2,39.65
3173,517.3,148.7
3174,517.4,517.5
3175,517.5,1672.0
3176,517.6,5018.0
3177,517.7,13980.0
3178,517.8,36150.0
3179,517.9,86820.0
3180,518.0,193600.0
3181,518.1,400700.0
3182,518.2,770100.0
3183,518.3,1374000.0
3184,518.4,2277000.0
3185,518.5,3502000.0
3186,518.6,5001000.0
3187,518.7,6631000.0
3188,518.8,8164000.0
3189,518.9,9331000.0
3190,519.0,9902000.0
3191,519.1,9756000.0
3192,519.2,8924000.0
3193,519.3,7579000.0
3194,519.4,5977000.0
3195,519.5,4376000.0
3196,519.6,2974000.0
3197,519.7,1877000.0
3198,519.8,1100000.0
3199,519.9,598300.0
3200,520.0,302200.0
3201,520.1,141700.0
3202,520.2,61700.0
3203,520.3,24940.0
3204,520.4,9361.0
3205,520.5,3262.0
3206,520.6,1055.0
3207,520.7,317.0
3208,520.8,88.41
3209,520.9,22.89
3210,521.0,5.503
3211,521.1,1.228
3212,521.2,0.255
3213,521.3,0.049
3214,521.4,0.009
3215,521.5,0.001
3216,521.6,0.0
3217,521.7,0.0
3218,521.8,0.0
3219,521.9,0.0
3220,522.0,0.0
3221,522.1,0.0
3222,522.2,0.0
3223,522.3,0.0
3224,522.4,0.0
3225,522.5,0.0
3226,522.6,0.0
3227,522.7,0.0
3228,522.8,0.0
3229,522.9,0.0
3230,523.0,0.0
3231,523.1,0.0
3232,523.2,0.0
3233,523.3,0.0
3234,523.4,0.0
3235,523.5,0.0
3236,523.6,0.0
3237,523.7,0.0
3238,523.8,0.001
3239,523.9,0.003
3240,524.0,0.02
3241,524.1,0.103
3242,524.2,0.5
3243,524.3,2.265
3244,524.4,9.56
3245,524.5,37.58
3246,524.6,137.6
3247,524.7,469.4
3248,524.8,1492.0
3249,524.9,4423.0
3250,525.0,12220.0
3251,525.1,31520.0
3252,525.2,75850.0
3253,525.3,170500.0
3254,525.4,358400.0
3255,525.5,704700.0
3256,525.6,1298000.0
3257,525.7,2242000.0
3258,525.8,3637000.0
3259,525.9,5553000.0
3260,526.0,7994000.0
3261,526.1,10879999.999
3262,526.2,14049999.999
3263,526.3,17269999.999
3264,526.4,20299999.999
3265,526.5,22960000.0
3266,526.6,25110000.0
3267,526.7,26690000.0
3268,526.8,27660000.0
3269,526.9,27990000.0
3270,527.0,27560000.0
3271,527.1,26290000.0
3272,527.2,24130000.0
3273,527.3,21170000.001
3274,527.4,17640000.001
3275,527.5,13890000.001
3276,527.6,10280000.001
3277,527.7,7143000.001
3278,527.8,4643000.0
3279,527.9,2820000.0
3280,528.0,1598000.0
3281,528.1,844300.0
3282,528.2,415700.0
3283,528.3,190700.0
3284,528.4,81420.0
3285,528.5,32370.0
3286,528.6,11980.0
3287,528.7,4128.0
3288,528.8,1324.0
3289,528.9,397.1
3290,529.0,118.1
3291,529.1,58.91
3292,529.2,110.4
3293,529.3,328.6
3294,529.4,962.1
3295,529.5,2635.0
3296,529.6,6723.0
3297,529.7,15980.0
3298,529.8,35380.0
3299,529.9,72970.0
3300,530.0,140200.0
3301,530.1,250800.0
3302,530.2,418100.0
3303,530.3,649200.0
3304,530.4,939000.0
3305,530.5,1265000.0
3306,530.6,1588000.0
3307,530.7,1856000.0
3308,530.8,2021000.0
3309,530.9,2050000.0
3310,531.0,1936000.0
3311,531.1,1704000.0
3312,531.2,1397000.0
3313,531.3,1067000.0
3314,531.4,758900.0
3315,531.5,502800.0
3316,531.6,310300.0
3317,531.7,178400.0
3318,531.8,95550.0
3319,531.9,47660.0
3320,532.0,22150.0
3321,532.1,9586.0
3322,532.2,3865.0
3323,532.3,1453.0
3324,532.4,513.7
3325,532.5,184.5
3326,532.6,107.5
3327,532.7,174.8
3328,532.8,423.4
3329,532.9,1023.0
3330,533.0,2322.0
3331,533.1,4916.0
3332,533.2,9703.0
3333,533.3,17860.0
3334,533.4,30640.0
3335,533.5,49000.0
3336,533.6,73080.0
3337,533.7,101600.0
3338,533.8,131700.0
3339,533.9,159100.0
3340,534.0,179300.0
3341,534.1,188300.0
3342,534.2,184400.0
3343,534.3,168300.0
3344,534.4,143300.0
3345,534.5,113700.0
3346,534.6,84150.0
3347,534.7,58190.0
3348,534.8,37820.0
3349,534.9,23640.0
3350,535.0,15370.0
3351,535.1,12540.0
3352,535.2,14930.0
3353,535.3,22840.0
3354,535.4,36940.0
3355,535.5,57760.0
3356,535.6,85020.0
3357,535.7,117000.0
3358,535.8,150300.0
3359,535.9,180100.0
3360,536.0,201300.0
3361,536.1,209900.0
3362,536.2,204100.0
3363,536.3,185200.0
3364,536.4,156700.0
3365,536.5,123700.0
3366,536.6,91050.0
3367,536.7,62530.0
3368,536.8,40060.0
3369,536.9,23940.0
3370,537.0,13340.0
3371,537.1,6936.0
3372,537.2,3364.0
3373,537.3,1522.0
3374,537.4,642.0
3375,537.5,252.7
3376,537.6,92.76
3377,537.7,31.77
3378,537.8,10.15
3379,537.9,3.023
3380,538.0,0.84
3381,538.1,0.218
3382,538.2,0.053
3383,538.3,0.012
3384,538.4,0.003
3385,538.5,0.0
3386,538.6,0.0
3387,538.7,0.0
3388,538.8,0.0
3389,538.9,0.0
3390,539.0,0.0
3391,539.1,0.0
3392,539.2,0.0
3393,539.3,0.0
3394,539.4,0.0
3395,539.5,0.0
3396,539.6,0.0
3397,539.7,0.0
3398,539.8,0.0
3399,539.9,0.0
3400,540.0,0.0
3401,540.1,0.0
3402,540.2,0.0
3403,540.3,0.0
3404,540.4,0.0
3405,540.5,0.0
3406,540.6,0.0
3407,540.7,0.0
3408,540.8,0.0
3409,540.9,0.0
3410,541.0,0.0
3411,541.1,0.0
3412,541.2,0.0
3413,541.3,0.0
3414,541.4,0.0
3415,541.5,0.0
3416,541.6,0.0
3417,541.7,0.0
3418,541.8,0.0
3419,541.9,0.0
3420,542.0,0.0
3421,542.1,0.0
3422,542.2,0.0
3423,542.3,0.0
3424,542.4,0.0
3425,542.5,0.0
3426,542.6,0.0
3427,542.7,0.0
3428,542.8,0.0
3429,542.9,0.0
3430,543.0,0.0
3431,543.1,0.0
3432,543.2,0.0
3433,543.3,0.0
3434,543.4,0.0
3435,543.5,0.0
3436,543.6,0.0
3437,543.7,0.0
3438,543.8,0.0
3439,543.9,0.0
3440,544.0,0.0
3441,544.1,0.0
3442,544.2,0.0
3443,544.3,0.0
3444,544.4,0.0
3445,544.5,0.0
3446,544.6,0.0
3447,544.7,0.0
3448,544.8,0.0
3449,544.9,0.0
3450,545.0,0.0
3451,545.1,0.0
3452,545.2,0.0
3453,545.3,0.0
3454,545.4,0.001
3455,545.5,0.002
3456,545.6,0.007
3457,545.7,0.019
3458,545.8,0.049
3459,545.9,0.117
3460,546.0,0.262
3461,546.1,0.551
3462,546.2,1.081
3463,546.3,1.985
3464,546.4,3.411
3465,546.5,5.481
3466,546.6,8.238
3467,546.7,11.58
3468,546.8,15.23
3469,546.9,18.74
3470,547.0,21.56
3471,547.1,23.2
3472,547.2,23.36
3473,547.3,21.99
3474,547.4,19.37
3475,547.5,15.96
3476,547.6,12.3
3477,547.7,8.866
3478,547.8,5.978
3479,547.9,3.77
3480,548.0,2.224
3481,548.1,1.227
3482,548.2,0.634
3483,548.3,0.306
3484,548.4,0.138
3485,548.5,0.058
3486,548.6,0.023
3487,548.7,0.009
3488,548.8,0.003
3489,548.9,0.004
3490,549.0,0.015
3491,549.1,0.072
3492,549.2,0.328
3493,549.3,1.394
3494,549.4,5.548
3495,549.5,20.67
3496,549.6,72.12
3497,549.7,235.6
3498,549.8,720.7
3499,549.9,2064.0
3500,550.0,5536.0
3501,550.1,13900.0
3502,550.2,32690.0
3503,550.3,71970.0
3504,550.4,148400.0
3505,550.5,286400.0
3506,550.6,517700.0
3507,550.7,876100.0
3508,550.8,1388000.0
3509,550.9,2060000.0
3510,551.0,2862000.0
3511,551.1,3723000.0
3512,551.2,4536000.0
3513,551.3,5173000.0
3514,551.4,5525000.0
3515,551.5,5525000.0
3516,551.6,5173000.0
3517,551.7,4536000.0
3518,551.8,3723000.0
3519,551.9,2862000.0
3520,552.0,2060000.0
3521,552.1,1388000.0
3522,552.2,876100.0
3523,552.3,517700.0
3524,552.4,286400.0
3525,552.5,148400.0
3526,552.6,71970.0
3527,552.7,32690.0
3528,552.8,13900.0
3529,552.9,5536.0
3530,553.0,2064.0
3531,553.1,720.7
3532,553.2,235.6
3533,553.3,72.12
3534,553.4,20.67
3535,553.5,5.548
3536,553.6,1.394
3537,553.7,0.328
3538,553.8,0.072
3539,553.9,0.015
3540,554.0,0.003
3541,554.1,0.001
3542,554.2,0.0
3543,554.3,0.0
3544,554.4,0.0
3545,554.5,0.0
3546,554.6,0.0
3547,554.7,0.0
3548,554.8,0.0
3549,554.9,0.0
3550,555.0,0.0
3551,555.1,0.0
3552,555.2,0.0
3553,555.3,0.0
3554,555.4,0.0
3555,555.5,0.0
3556,555.6,0.0
3557,555.7,0.001
3558,555.8,0.003
3559,555.9,0.014
3560,556.0,0.065
3561,556.1,0.285
3562,556.2,1.168
3563,556.3,4.494
3564,556.4,16.22
3565,556.5,54.88
3566,556.6,174.2
3567,556.7,518.7
3568,556.8,1449.0
3569,556.9,3797.0
3570,557.0,9340.0
3571,557.1,21570.0
3572,557.2,46780.0
3573,557.3,95400.0
3574,557.4,183100.0
3575,557.5,331600.0
3576,557.6,567700.0
3577,557.7,922900.0
3578,557.8,1433000.0
3579,557.9,2138000.0
3580,558.0,3091000.0
3581,558.1,4366000.0
3582,558.2,6061000.0
3583,558.3,8292999.999
3584,558.4,11159999.999
3585,558.5,14709999.999
3586,558.6,18859999.999
3587,558.7,23349999.999
3588,558.8,27819999.999
3589,558.9,31789999.999
3590,559.0,34859999.999
3591,559.1,36770000.0
3592,559.2,37460000.0
3593,559.3,37110000.0
3594,559.4,35980000.0
3595,559.5,34410000.0
3596,559.6,32610000.0
3597,559.7,30720000.0
3598,559.8,28770000.0
3599,559.9,26730000.0
3600,560.0,24550000.0
3601,560.1,22180000.001
3602,560.2,19640000.001
3603,560.3,16970000.001
3604,560.4,14250000.001
3605,560.5,11580000.001
3606,560.6,9082000.0
3607,560.7,6848000.0
3608,560.8,4949000.0
3609,560.9,3418000.0
3610,561.0,2250000.0
3611,561.1,1409000.0
3612,561.2,837000.0
3613,561.3,471200.0
3614,561.4,250900.0
3615,561.5,126200.0
3616,561.6,59940.0
3617,561.7,26840.0
3618,561.8,11320.0
3619,561.9,4498.0
3620,562.0,1681.0
3621,562.1,591.4
3622,562.2,195.6
3623,562.3,60.82
3624,562.4,17.78
3625,562.5,4.882
3626,562.6,1.26
3627,562.7,0.305
3628,562.8,0.07
3629,562.9,0.015
3630,563.0,0.003
3631,563.1,0.001
3632,563.2,0.0
3633,563.3,0.0
3634,563.4,0.0
3635,563.5,0.0
3636,563.6,0.0
3637,563.7,0.0
3638,563.8,0.0
3639,563.9,0.0
3640,564.0,0.0
3641,564.1,0.0
3642,564.2,0.0
3643,564.3,0.0
3644,564.4,0.0
3645,564.5,0.0
3646,564.6,0.0
3647,564.7,0.0
3648,564.8,0.0
3649,564.9,0.0
3650,565.0,0.0
3651,565.1,0.0
3652,565.2,0.0
3653,565.3,0.0
3654,565.4,0.0
3655,565.5,0.0
3656,565.6,0.0
3657,565.7,0.0
3658,565.8,0.0
3659,565.9,0.0
3660,566.0,0.0
3661,566.1,0.0
3662,566.2,0.0
3663,566.3,0.0
3664,566.4,0.0
3665,566.5,0.0
3666,566.6,0.0
3667,566.7,0.0
3668,566.8,0.0
3669,566.9,0.0
3670,567.0,0.0
3671,567.1,0.0
3672,567.2,0.0
3673,567.3,0.0
3674,567.4,0.0
3675,567.5,0.0
3676,567.6,0.0
3677,567.7,0.0
3678,567.8,0.0
3679,567.9,0.0
3680,568.0,0.0
3681,568.1,0.0
3682,568.2,0.0
3683,568.3,0.0
3684,568.4,0.0
3685,568.5,0.0
3686,568.6,0.0
3687,568.7,0.0
3688,568.8,0.0
3689,568.9,0.0
3690,569.0,0.0
3691,569.1,0.0
3692,569.2,0.0
3693,569.3,0.0
3694,569.4,0.0
3695,569.5,0.0
3696,569.6,0.0
3697,569.7,0.0
3698,569.8,0.0
3699,569.9,0.0
3700,570.0,0.0
3701,570.1,0.0
3702,570.2,0.0
3703,570.3,0.0
3704,570.4,0.0
3705,570.5,0.0
3706,570.6,0.0
3707,570.7,0.0
3708,570.8,0.0
3709,570.9,0.0
3710,571.0,0.0
3711,571.1,0.0
3712,571.2,0.0
3713,571.3,0.0
3714,571.4,0.0
3715,571.5,0.0
3716,571.6,0.0
3717,571.7,0.0
3718,571.8,0.0
3719,571.9,0.0
3720,572.0,0.0
3721,572.1,0.0
3722,572.2,0.0
3723,572.3,0.0
3724,572.4,0.0
3725,572.5,0.0
3726,572.6,0.0
3727,572.7,0.0
3728,572.8,0.0
3729,572.9,0.0
3730,573.0,0.0
3731,573.1,0.0
3732,573.2,0.0
3733,573.3,0.0
3734,573.4,0.0
3735,573.5,0.0
3736,573.6,0.0
3737,573.7,0.0
3738,573.8,0.0
3739,573.9,0.0
3740,574.0,0.0
3741,574.1,0.0
3742,574.2,0.0
3743,574.3,0.0
3744,574.4,0.0
3745,574.5,0.0
3746,574.6,0.0
3747,574.7,0.0
3748,574.8,0.0
3749,574.9,0.0
3750,575.0,0.0
3751,575.1,0.0
3752,575.2,0.0
3753,575.3,0.0
3754,575.4,0.0
3755,575.5,0.0
3756,575.6,0.0
3757,575.7,0.0
3758,575.8,0.0
3759,575.9,0.001
3760,576.0,0.006
3761,576.1,0.024
3762,576.2,0.091
3763,576.3,0.33
3764,576.4,1.123
3765,576.5,3.603
3766,576.6,10.89
3767,576.7,31.0
3768,576.8,83.12
3769,576.9,210.0
3770,577.0,499.6
3771,577.1,1120.0
3772,577.2,2364.0
3773,577.3,4702.0
3774,577.4,8808.0
3775,577.5,15540.0
3776,577.6,25830.0
3777,577.7,40450.0
3778,577.8,59660.0
3779,577.9,82880.0
3780,578.0,108500.0
3781,578.1,133700.0
3782,578.2,155300.0
3783,578.3,169800.0
3784,578.4,175000.0
3785,578.5,169900.0
3786,578.6,155300.0
3787,578.7,133800.0
3788,578.8,108800.0
3789,578.9,83610.0
3790,579.0,61320.0
3791,579.1,44030.0
3792,579.2,33090.0
3793,579.3,29410.0
3794,579.4,33770.0
3795,579.5,47050.0
3796,579.6,70060.0
3797,579.7,103100.0
3798,579.8,145300.0
3799,579.9,193900.0
3800,580.0,244200.0
3801,580.1,290100.0
3802,580.2,324700.0
3803,580.3,342500.0
3804,580.4,340500.0
3805,580.5,318900.0
3806,580.6,281500.0
3807,580.7,234200.0
3808,580.8,183600.0
3809,580.9,135600.0
3810,581.0,94410.0
3811,581.1,61930.0
3812,581.2,38280.0
3813,581.3,22300.0
3814,581.4,12240.0
3815,581.5,6339.0
3816,581.6,3107.0
3817,581.7,1473.0
3818,581.8,754.0
3819,581.9,588.9
3820,582.0,867.0
3821,582.1,1690.0
3822,582.2,3362.0
3823,582.3,6398.0
3824,582.4,11510.0
3825,582.5,19530.0
3826,582.6,31260.0
3827,582.7,47160.0
3828,582.8,67110.0
3829,582.9,90030.0
3830,583.0,113900.0
3831,583.1,135800.0
3832,583.2,152800.0
3833,583.3,162000.0
3834,583.4,162000.0
3835,583.5,152800.0
3836,583.6,135800.0
3837,583.7,113900.0
3838,583.8,90070.0
3839,583.9,67240.0
3840,584.0,47570.0
3841,584.1,32470.0
3842,584.2,22910.0
3843,584.3,20390.0
3844,584.4,28430.0
3845,584.5,54950.0
3846,584.6,115600.0
3847,584.7,238200.0
3848,584.8,467100.0
3849,584.9,865600.0
3850,585.0,1514000.0
3851,585.1,2499000.0
3852,585.2,3891000.0
3853,585.3,5715000.0
3854,585.4,7919999.999
3855,585.5,10349999.999
3856,585.6,12769999.999
3857,585.7,14860000.0
3858,585.8,16310000.0
3859,585.9,16890000.0
3860,586.0,16500000.0
3861,586.1,15210000.0
3862,586.2,13220000.0
3863,586.3,10850000.001
3864,586.4,8395000.001
3865,586.5,6129000.0
3866,586.6,4222000.0
3867,586.7,2743000.0
3868,586.8,1681000.0
3869,586.9,972400.0
3870,587.0,530500.0
3871,587.1,273100.0
3872,587.2,132600.0
3873,587.3,60740.0
3874,587.4,26250.0
3875,587.5,10700.0
3876,587.6,4116.0
3877,587.7,1494.0
3878,587.8,511.3
3879,587.9,165.1
3880,588.0,50.31
3881,588.1,14.46
3882,588.2,3.922
3883,588.3,1.003
3884,588.4,0.242
3885,588.5,0.055
3886,588.6,0.012
3887,588.7,0.002
3888,588.8,0.0
3889,588.9,0.0
3890,589.0,0.0
3891,589.1,0.0
3892,589.2,0.0
3893,589.3,0.0
3894,589.4,0.0
3895,589.5,0.0
3896,589.6,0.0
3897,589.7,0.0
3898,589.8,0.0
3899,589.9,0.0
3900,590.0,0.0
3901,590.1,0.0
3902,590.2,0.0
3903,590.3,0.0
3904,590.4,0.0
3905,590.5,0.0
3906,590.6,0.0
3907,590.7,0.0
3908,590.8,0.0
3909,590.9,0.0
3910,591.0,0.0
3911,591.1,0.0
3912,591.2,0.0
3913,591.3,0.0
3914,591.4,0.0
3915,591.5,0.0
3916,591.6,0.0
3917,591.7,0.0
3918,591.8,0.0
3919,591.9,0.0
3920,592.0,0.0
3921,592.1,0.0
3922,592.2,0.0
3923,592.3,0.0
3924,592.4,0.0
3925,592.5,0.0
3926,592.6,0.0
3927,592.7,0.0
3928,592.8,0.0
3929,592.9,0.0
3930,593.0,0.0
3931,593.1,0.0
3932,593.2,0.0
3933,593.3,0.0
3934,593.4,0.0
3935,593.5,0.0
3936,593.6,0.0
3937,593.7,0.0
3938,593.8,0.0
3939,593.9,0.0
3940,594.0,0.0
3941,594.1,0.0
3942,594.2,0.0
3943,594.3,0.0
3944,594.4,0.0
3945,594.5,0.0
3946,594.6,0.0
3947,594.7,0.0
3948,594.8,0.0
3949,594.9,0.0
3950,595.0,0.0
3951,595.1,0.0
3952,595.2,0.0
3953,595.3,0.0
3954,595.4,0.0
3955,595.5,0.0
3956,595.6,0.0
3957,595.7,0.0
3958,595.8,0.0
3959,595.9,0.0
3960,596.0,0.0
3961,596.1,0.0
3962,596.2,0.0
3963,596.3,0.0
3964,596.4,0.0
3965,596.5,0.0
3966,596.6,0.0
3967,596.7,0.0
3968,596.8,0.0
3969,596.9,0.0
3970,597.0,0.0
3971,597.1,0.0
3972,597.2,0.0
3973,597.3,0.0
3974,597.4,0.0
3975,597.5,0.0
3976,597.6,0.0
3977,597.7,0.0
3978,597.8,0.0
3979,597.9,0.0
3980,598.0,0.0
3981,598.1,0.0
3982,598.2,0.0
3983,598.3,0.0
3984,598.4,0.0
3985,598.5,0.0
3986,598.6,0.0
3987,598.7,0.0
3988,598.8,0.0
3989,598.9,0.0
3990,599.0,0.0
3991,599.1,0.0
3992,599.2,0.0
3993,599.3,0.0
3994,599.4,0.0
3995,599.5,0.0
3996,599.6,0.001
3997,599.7,0.005
3998,599.8,0.019
3999,599.9,0.073
4000,600.0,0.264
4001,600.1,0.907
4002,600.2,2.951
4003,600.3,9.088
4004,600.4,26.49
4005,600.5,73.04
4006,600.6,190.6
4007,600.7,470.9
4008,600.8,1101.0
4009,600.9,2435.0
4010,601.0,5097.0
4011,601.1,10100.0
4012,601.2,18930.0
4013,601.3,33590.0
4014,601.4,56400.0
4015,601.5,89620.0
4016,601.6,134800.0
4017,601.7,191800.0
4018,601.8,258300.0
4019,601.9,329200.0
4020,602.0,397100.0
4021,602.1,453300.0
4022,602.2,489700.0
4023,602.3,500600.0
4024,602.4,484300.0
4025,602.5,443400.0
4026,602.6,384200.0
4027,602.7,315000.0
4028,602.8,244500.0
4029,602.9,179500.0
4030,603.0,124800.0
4031,603.1,82050.0
4032,603.2,51070.0
4033,603.3,30080.0
4034,603.4,16770.0
4035,603.5,8846.0
4036,603.6,4416.0
4037,603.7,2086.0
4038,603.8,932.9
4039,603.9,394.7
4040,604.0,158.1
4041,604.1,59.89
4042,604.2,21.48
4043,604.3,7.29
4044,604.4,2.341
4045,604.5,0.712
4046,604.6,0.205
4047,604.7,0.056
4048,604.8,0.014
4049,604.9,0.004
4050,605.0,0.001
4051,605.1,0.0
4052,605.2,0.0
4053,605.3,0.0
4054,605.4,0.0
4055,605.5,0.0
4056,605.6,0.0
4057,605.7,0.0
4058,605.8,0.0
4059,605.9,0.0
4060,606.0,0.0
4061,606.1,0.0
4062,606.2,0.0
4063,606.3,0.0
4064,606.4,0.0
4065,606.5,0.0
4066,606.6,0.0
4067,606.7,0.0
4068,606.8,0.0
4069,606.9,0.0
4070,607.0,0.0
4071,607.1,0.0
4072,607.2,0.0
4073,607.3,0.0
4074,607.4,0.0
4075,607.5,0.0
4076,607.6,0.002
4077,607.7,0.009
4078,607.8,0.038
4079,607.9,0.152
4080,608.0,0.578
4081,608.1,2.083
4082,608.2,7.107
4083,608.3,22.99
4084,608.4,70.46
4085,608.5,204.7
4086,608.6,563.6
4087,608.7,1471.0
4088,608.8,3637.0
4089,608.9,8525.0
4090,609.0,18940.0
4091,609.1,39870.0
4092,609.2,79560.0
4093,609.3,150500.0
4094,609.4,269700.0
4095,609.5,458100.0
4096,609.6,737600.0
4097,609.7,1125000.0
4098,609.8,1628000.0
4099,609.9,2231000.0
4100,610.0,2898000.0
4101,610.1,3568000.0
4102,610.2,4163000.0
4103,610.3,4604000.0
4104,610.4,4825000.0
4105,610.5,4793000.0
4106,610.6,4514000.0
4107,610.7,4032000.0
4108,610.8,3419000.0
4109,610.9,2762000.0
4110,611.0,2145000.0
4111,611.1,1641000.0
4112,611.2,1306000.0
4113,611.3,1188000.0
4114,611.4,1326000.0
4115,611.5,1758000.0
4116,611.6,2514000.0
4117,611.7,3606000.0
4118,611.8,5012000.0
4119,611.9,6656000.0
4120,612.0,8403000.0
4121,612.1,10070000.0
4122,612.2,11440000.0
4123,612.3,12330000.0
4124,612.4,12590000.0
4125,612.5,12200000.0
4126,612.6,11200000.0
4127,612.7,9748000.0
4128,612.8,8045000.0
4129,612.9,6295000.0
4130,613.0,4670000.0
4131,613.1,3284000.0
4132,613.2,2190000.0
4133,613.3,1384000.0
4134,613.4,829600.0
4135,613.5,471400.0
4136,613.6,253900.0
4137,613.7,129700.0
4138,613.8,62790.0
4139,613.9,28820.0
4140,614.0,12550.0
4141,614.1,5200.0
4142,614.2,2105.0
4143,614.3,997.1
4144,614.4,980.8
4145,614.5,2068.0
4146,614.6,5219.0
4147,614.7,12930.0
4148,614.8,30510.0
4149,614.9,68390.0
4150,615.0,145500.0
4151,615.1,293900.0
4152,615.2,563400.0
4153,615.3,1025000.0
4154,615.4,1772000.0
4155,615.5,2909000.0
4156,615.6,4536000.0
4157,615.7,6719999.999
4158,615.8,9466999.999
4159,615.9,12689999.999
4160,616.0,16199999.999
4161,616.1,19709999.999
4162,616.2,22909999.999
4163,616.3,25499999.999
4164,616.4,27250000.0
4165,616.5,28050000.0
4166,616.6,27930000.0
4167,616.7,27030000.0
4168,616.8,25510000.0
4169,616.9,23560000.0
4170,617.0,21330000.001
4171,617.1,18920000.001
4172,617.2,16410000.001
4173,617.3,13860000.001
4174,617.4,11360000.001
4175,617.5,8989000.001
4176,617.6,6846000.0
4177,617.7,5000000.0
4178,617.8,3493000.0
4179,617.9,2330000.0
4180,618.0,1481000.0
4181,618.1,896400.0
4182,618.2,516100.0
4183,618.3,282500.0
4184,618.4,146900.0
4185,618.5,72590.0
4186,618.6,34060.0
4187,618.7,15180.0
4188,618.8,6420.0
4189,618.9,2578.0
4190,619.0,983.0
4191,619.1,355.7
4192,619.2,122.2
4193,619.3,39.84
4194,619.4,12.33
4195,619.5,3.62
4196,619.6,1.009
4197,619.7,0.267
4198,619.8,0.067
4199,619.9,0.016
4200,620.0,0.004
4201,620.1,0.001
4202,620.2,0.0
4203,620.3,0.0
4204,620.4,0.0
4205,620.5,0.0
4206,620.6,0.0
4207,620.7,0.0
4208,620.8,0.0
4209,620.9,0.0
4210,621.0,0.0
4211,621.1,0.0
4212,621.2,0.0
4213,621.3,0.0
4214,621.4,0.0
4215,621.5,0.0
4216,621.6,0.0
4217,621.7,0.0
4218,621.8,0.0
4219,621.9,0.0
4220,622.0,0.0
4221,622.1,0.0
4222,622.2,0.0
4223,622.3,0.0
4224,622.4,0.0
4225,622.5,0.0
4226,622.6,0.0
4227,622.7,0.0
4228,622.8,0.001
4229,622.9,0.002
4230,623.0,0.006
4231,623.1,0.015
4232,623.2,0.035
4233,623.3,0.078
4234,623.4,0.166
4235,623.5,0.336
4236,623.6,0.647
4237,623.7,1.185
4238,623.8,2.061
4239,623.9,3.404
4240,624.0,5.344
4241,624.1,7.968
4242,624.2,11.29
4243,624.3,15.19
4244,624.4,19.43
4245,624.5,23.61
4246,624.6,27.25
4247,624.7,29.88
4248,624.8,31.13
4249,624.9,30.81
4250,625.0,28.97
4251,625.1,25.89
4252,625.2,21.97
4253,625.3,17.72
4254,625.4,13.58
4255,625.5,9.881
4256,625.6,6.833
4257,625.7,4.489
4258,625.8,2.802
4259,625.9,1.662
4260,626.0,0.936
4261,626.1,0.501
4262,626.2,0.255
4263,626.3,0.123
4264,626.4,0.057
4265,626.5,0.025
4266,626.6,0.01
4267,626.7,0.004
4268,626.8,0.002
4269,626.9,0.001
4270,627.0,0.0
4271,627.1,0.0
4272,627.2,0.0
4273,627.3,0.0
4274,627.4,0.0
4275,627.5,0.0
4276,627.6,0.0
4277,627.7,0.0
4278,627.8,0.0
4279,627.9,0.0
4280,628.0,0.0
4281,628.1,0.0
4282,628.2,0.0
4283,628.3,0.0
4284,628.4,0.0
4285,628.5,0.0
4286,628.6,0.0
4287,628.7,0.0
4288,628.8,0.001
4289,628.9,0.004
4290,629.0,0.009
4291,629.1,0.024
4292,629.2,0.058
4293,629.3,0.132
4294,629.4,0.289
4295,629.5,0.598
4296,629.6,1.179
4297,629.7,2.21
4298,629.8,3.939
4299,629.9,6.675
4300,630.0,10.76
4301,630.1,16.49
4302,630.2,24.04
4303,630.3,33.32
4304,630.4,43.93
4305,630.5,55.08
4306,630.6,65.67
4307,630.7,74.46
4308,630.8,80.29
4309,630.9,82.33
4310,631.0,80.29
4311,631.1,74.46
4312,631.2,65.67
4313,631.3,55.08
4314,631.4,43.93
4315,631.5,33.32
4316,631.6,24.04
4317,631.7,16.49
4318,631.8,10.76
4319,631.9,6.675
4320,632.0,3.939
4321,632.1,2.21
4322,632.2,1.179
4323,632.3,0.598
4324,632.4,0.289
4325,632.5,0.133
4326,632.6,0.058
4327,632.7,0.024
4328,632.8,0.009
4329,632.9,0.004
4330,633.0,0.001
4331,633.1,0.001
4332,633.2,0.001
4333,633.3,0.003
4334,633.4,0.013
4335,633.5,0.057
4336,633.6,0.232
4337,633.7,0.908
4338,633.8,3.379
4339,633.9,11.96
4340,634.0,40.3
4341,634.1,129.3
4342,634.2,394.6
4343,634.3,1146.0
4344,634.4,3171.0
4345,634.5,8346.0
4346,634.6,20910.0
4347,634.7,49870.0
4348,634.8,113200.0
4349,634.9,244500.0
4350,635.0,502900.0
4351,635.1,984300.0
4352,635.2,1834000.0
4353,635.3,3252000.0
4354,635.4,5487999.999
4355,635.5,8816999.999
4356,635.6,13479999.999
4357,635.7,19619999.998
4358,635.8,27179999.998
4359,635.9,35839999.998
4360,636.0,44979999.998
4361,636.1,53729999.998
4362,636.2,61089999.998
4363,636.3,66119999.999
4364,636.4,68100000.0
4365,636.5,66770000.001
4366,636.6,62310000.001
4367,636.7,55350000.002
4368,636.8,46790000.002
4369,636.9,37660000.002
4370,637.0,28840000.002
4371,637.1,21030000.002
4372,637.2,14590000.001
4373,637.3,9637000.001
4374,637.4,6058000.001
4375,637.5,3625000.0
4376,637.6,2065000.0
4377,637.7,1119000.0
4378,637.8,577500.0
4379,637.9,283600.0
4380,638.0,132600.0
4381,638.1,58980.0
4382,638.2,24980.0
4383,638.3,10070.0
4384,638.4,3863.0
4385,638.5,1411.0
4386,638.6,490.3
4387,638.7,162.2
4388,638.8,51.08
4389,638.9,15.31
4390,639.0,4.368
4391,639.1,1.186
4392,639.2,0.307
4393,639.3,0.075
4394,639.4,0.018
4395,639.5,0.004
4396,639.6,0.001
4397,639.7,0.0
4398,639.8,0.0
4399,639.9,0.0
4400,640.0,0.0
4401,640.1,0.0
4402,640.2,0.0
4403,640.3,0.0
4404,640.4,0.0
4405,640.5,0.0
4406,640.6,0.0
4407,640.7,0.0
4408,640.8,0.0
4409,640.9,0.001
4410,641.0,0.005
4411,641.1,0.02
4412,641.2,0.076
4413,641.3,0.283
4414,641.4,1.025
4415,641.5,3.59
4416,641.6,12.07
4417,641.7,38.87
4418,641.8,119.6
4419,641.9,351.4
4420,642.0,984.6
4421,642.1,2630.0
4422,642.2,6699.0
4423,642.3,16260.0
4424,642.4,37620.0
4425,642.5,82930.0
4426,642.6,174200.0
4427,642.7,348800.0
4428,642.8,665500.0
4429,642.9,1210000.0
4430,643.0,2096000.0
4431,643.1,3461000.0
4432,643.2,5445999.999
4433,643.3,8164999.999
4434,643.4,11669999.999
4435,643.5,15879999.999
4436,643.6,20609999.999
4437,643.7,25489999.999
4438,643.8,30049999.999
4439,643.9,33759999.999
4440,644.0,36180000.0
4441,644.1,36980000.0
4442,644.2,36070000.0
4443,644.3,33630000.001
4444,644.4,30020000.001
4445,644.5,25730000.001
4446,644.6,21280000.001
4447,644.7,17100000.001
4448,644.8,13490000.001
4449,644.9,10600000.001
4450,645.0,8445000.0
4451,645.1,6941000.0
4452,645.2,5995000.0
4453,645.3,5533000.0
4454,645.4,5529000.0
4455,645.5,6010000.0
4456,645.6,7035000.0
4457,645.7,8657000.0
4458,645.8,10879999.999
4459,645.9,13609999.999
4460,646.0,16669999.999
4461,646.1,19759999.999
4462,646.2,22529999.999
4463,646.3,24630000.0
4464,646.4,25770000.0
4465,646.5,25800000.0
4466,646.6,24750000.0
4467,646.7,22790000.001
4468,646.8,20180000.001
4469,646.9,17280000.001
4470,647.0,14370000.001
4471,647.1,11700000.001
4472,647.2,9393000.001
4473,647.3,7490000.0
4474,647.4,5962000.0
4475,647.5,4742000.0
4476,647.6,3757000.0
4477,647.7,2948000.0
4478,647.8,2277000.0
4479,647.9,1725000.0
4480,648.0,1289000.0
4481,648.1,974700.0
4482,648.2,795300.0
4483,648.3,771700.0
4484,648.4,935100.0
4485,648.5,1328000.0
4486,648.6,2003000.0
4487,648.7,3012000.0
4488,648.8,4393000.0
4489,648.9,6152000.0
4490,649.0,8239999.999
4491,649.1,10549999.999
4492,649.2,12899999.999
4493,649.3,15079999.999
4494,649.4,16870000.0
4495,649.5,18050000.0
4496,649.6,18520000.0
4497,649.7,18220000.0
4498,649.8,17220000.0
4499,649.9,15660000.0
4500,650.0,13740000.001
4501,650.1,11640000.001
4502,650.2,9544000.001
4503,650.3,7589000.0
4504,650.4,5859000.0
4505,650.5,4396000.0
4506,650.6,3206000.0
4507,650.7,2270000.0
4508,650.8,1560000.0
4509,650.9,1038000.0
4510,651.0,668200.0
4511,651.1,414900.0
4512,651.2,248100.0
4513,651.3,142600.0
4514,651.4,78660.0
4515,651.5,41600.0
4516,651.6,21060.0
4517,651.7,10210.0
4518,651.8,4727.0
4519,651.9,2092.0
4520,652.0,884.5
4521,652.1,357.0
4522,652.2,137.6
4523,652.3,50.59
4524,652.4,17.75
4525,652.5,5.944
4526,652.6,1.899
4527,652.7,0.579
4528,652.8,0.168
4529,652.9,0.047
4530,653.0,0.012
4531,653.1,0.003
4532,653.2,0.001
4533,653.3,0.0
4534,653.4,0.0
4535,653.5,0.0
4536,653.6,0.0
4537,653.7,0.0
4538,653.8,0.0
4539,653.9,0.0
4540,654.0,0.0
4541,654.1,0.0
4542,654.2,0.0
4543,654.3,0.0
4544,654.4,0.0
4545,654.5,0.0
4546,654.6,0.0
4547,654.7,0.0
4548,654.8,0.0
4549,654.9,0.0
4550,655.0,0.0
4551,655.1,0.0
4552,655.2,0.0
4553,655.3,0.0
4554,655.4,0.0
4555,655.5,0.0
4556,655.6,0.0
4557,655.7,0.0
4558,655.8,0.0
4559,655.9,0.0
4560,656.0,0.0
4561,656.1,0.0
4562,656.2,0.0
4563,656.3,0.0
4564,656.4,0.0
4565,656.5,0.0
4566,656.6,0.0
4567,656.7,0.0
4568,656.8,0.0
4569,656.9,0.0
4570,657.0,0.0
4571,657.1,0.0
4572,657.2,0.0
4573,657.3,0.0
4574,657.4,0.0
4575,657.5,0.0
4576,657.6,0.0
4577,657.7,0.0
4578,657.8,0.0
4579,657.9,0.0
4580,658.0,0.0
4581,658.1,0.0
4582,658.2,0.0
4583,658.3,0.0
4584,658.4,0.0
4585,658.5,0.0
4586,658.6,0.0
4587,658.7,0.0
4588,658.8,0.0
4589,658.9,0.0
4590,659.0,0.0
4591,659.1,0.0
4592,659.2,0.0
4593,659.3,0.0
4594,659.4,0.0
4595,659.5,0.0
4596,659.6,0.0
4597,659.7,0.0
4598,659.8,0.0
4599,659.9,0.0
4600,660.0,0.0
4601,660.1,0.0
4602,660.2,0.0
4603,660.3,0.0
4604,660.4,0.0
4605,660.5,0.0
4606,660.6,0.0
4607,660.7,0.0
4608,660.8,0.0
4609,660.9,0.0
4610,661.0,0.0
4611,661.1,0.0
4612,661.2,0.0
4613,661.3,0.0
4614,661.4,0.0
4615,661.5,0.0
4616,661.6,0.0
4617,661.7,0.0
4618,661.8,0.0
4619,661.9,0.0
4620,662.0,0.0
4621,662.1,0.0
4622,662.2,0.0
4623,662.3,0.0
4624,662.4,0.0
4625,662.5,0.0
4626,662.6,0.0
4627,662.7,0.0
4628,662.8,0.0
4629,662.9,0.0
4630,663.0,0.0
4631,663.1,0.0
4632,663.2,0.0
4633,663.3,0.0
4634,663.4,0.0
4635,663.5,0.0
4636,663.6,0.0
4637,663.7,0.0
4638,663.8,0.0
4639,663.9,0.0
4640,664.0,0.0
4641,664.1,0.0
4642,664.2,0.0
4643,664.3,0.0
4644,664.4,0.0
4645,664.5,0.0
4646,664.6,0.0
4647,664.7,0.0
4648,664.8,0.0
4649,664.9,0.0
4650,665.0,0.0
4651,665.1,0.0
4652,665.2,0.0
4653,665.3,0.0
4654,665.4,0.0
4655,665.5,0.0
4656,665.6,0.0
4657,665.7,0.0
4658,665.8,0.0
4659,665.9,0.0
4660,666.0,0.0
4661,666.1,0.0
4662,666.2,0.0
4663,666.3,0.0
4664,666.4,0.0
4665,666.5,0.0
4666,666.6,0.0
4667,666.7,0.0
4668,666.8,0.0
4669,666.9,0.0
4670,667.0,0.0
4671,667.1,0.0
4672,667.2,0.0
4673,667.3,0.0
4674,667.4,0.0
4675,667.5,0.0
4676,667.6,0.0
4677,667.7,0.0
4678,667.8,0.0
4679,667.9,0.0
4680,668.0,0.0
4681,668.1,0.0
4682,668.2,0.0
4683,668.3,0.0
4684,668.4,0.0
4685,668.5,0.0
4686,668.6,0.0
4687,668.7,0.0
4688,668.8,0.001
4689,668.9,0.003
4690,669.0,0.01
4691,669.1,0.035
4692,669.2,0.122
4693,669.3,0.404
4694,669.4,1.279
4695,669.5,3.871
4696,669.6,11.21
4697,669.7,31.04
4698,669.8,82.26
4699,669.9,208.5
4700,670.0,505.7
4701,670.1,1173.0
4702,670.2,2604.0
4703,670.3,5529.0
4704,670.4,11230.0
4705,670.5,21830.0
4706,670.6,40580.0
4707,670.7,72180.0
4708,670.8,122800.0
4709,670.9,199900.0
4710,671.0,311300.0
4711,671.1,463800.0
4712,671.2,661100.0
4713,671.3,901400.0
4714,671.4,1176000.0
4715,671.5,1467000.0
4716,671.6,1752000.0
4717,671.7,2001000.0
4718,671.8,2186000.0
4719,671.9,2285000.0
4720,672.0,2285000.0
4721,672.1,2186000.0
4722,672.2,2001000.0
4723,672.3,1752000.0
4724,672.4,1467000.0
4725,672.5,1176000.0
4726,672.6,901400.0
4727,672.7,661100.0
4728,672.8,463800.0
4729,672.9,311300.0
4730,673.0,199900.0
4731,673.1,122800.0
4732,673.2,72180.0
4733,673.3,40580.0
4734,673.4,21830.0
4735,673.5,11230.0
4736,673.6,5529.0
4737,673.7,2604.0
4738,673.8,1173.0
4739,673.9,505.7
4740,674.0,208.5
4741,674.1,82.26
4742,674.2,31.04
4743,674.3,11.21
4744,674.4,3.871
4745,674.5,1.279
4746,674.6,0.404
4747,674.7,0.122
4748,674.8,0.035
4749,674.9,0.01
4750,675.0,0.003
4751,675.1,0.001
4752,675.2,0.0
4753,675.3,0.0
4754,675.4,0.0
4755,675.5,0.0
4756,675.6,0.0
4757,675.7,0.0
4758,675.8,0.0
4759,675.9,0.0
4760,676.0,0.0
4761,676.1,0.0
4762,676.2,0.0
4763,676.3,0.0
4764,676.4,0.0
4765,676.5,0.0
4766,676.6,0.0
4767,676.7,0.0
4768,676.8,0.0
4769,676.9,0.0
4770,677.0,0.0
4771,677.1,0.0
4772,677.2,0.0
4773,677.3,0.0
4774,677.4,0.0
4775,677.5,0.0
4776,677.6,0.0
4777,677.7,0.0
4778,677.8,0.0
4779,677.9,0.0
4780,678.0,0.0
4781,678.1,0.0
4782,678.2,0.0
4783,678.3,0.0
4784,678.4,0.0
4785,678.5,0.0
4786,678.6,0.0
4787,678.7,0.0
4788,678.8,0.0
4789,678.9,0.0
4790,679.0,0.0
4791,679.1,0.0
4792,679.2,0.0
4793,679.3,0.0
4794,679.4,0.0
4795,679.5,0.0
4796,679.6,0.0
4797,679.7,0.0
4798,679.8,0.0
4799,679.9,0.0
4800,680.0,0.0
4801,680.1,0.0
4802,680.2,0.0
4803,680.3,0.0
4804,680.4,0.0
4805,680.5,0.0
4806,680.6,0.0
4807,680.7,0.0
4808,680.8,0.0
4809,680.9,0.0
4810,681.0,0.0
4811,681.1,0.0
4812,681.2,0.0
4813,681.3,0.0
4814,681.4,0.0
4815,681.5,0.0
4816,681.6,0.0
4817,681.7,0.0
4818,681.8,0.0
4819,681.9,0.0
4820,682.0,0.0
4821,682.1,0.0
4822,682.2,0.0
4823,682.3,0.0
4824,682.4,0.0
4825,682.5,0.0
4826,682.6,0.0
4827,682.7,0.0
4828,682.8,0.0
4829,682.9,0.0
4830,683.0,0.0
4831,683.1,0.0
4832,683.2,0.0
4833,683.3,0.0
4834,683.4,0.0
4835,683.5,0.0
4836,683.6,0.0
4837,683.7,0.0
4838,683.8,0.0
4839,683.9,0.0
4840,684.0,0.0
4841,684.1,0.0
4842,684.2,0.0
4843,684.3,0.0
4844,684.4,0.0
4845,684.5,0.0
4846,684.6,0.0
4847,684.7,0.0
4848,684.8,0.0
4849,684.9,0.0
4850,685.0,0.0
4851,685.1,0.0
4852,685.2,0.0
4853,685.3,0.0
4854,685.4,0.0
4855,685.5,0.0
4856,685.6,0.0
4857,685.7,0.0
4858,685.8,0.0
4859,685.9,0.0
4860,686.0,0.0
4861,686.1,0.0
4862,686.2,0.0
4863,686.3,0.0
4864,686.4,0.0
4865,686.5,0.0
4866,686.6,0.0
4867,686.7,0.0
4868,686.8,0.0
4869,686.9,0.0
4870,687.0,0.0
4871,687.1,0.0
4872,687.2,0.0
4873,687.3,0.0
4874,687.4,0.0
4875,687.5,0.0
4876,687.6,0.0
4877,687.7,0.0
4878,687.8,0.0
4879,687.9,0.0
4880,688.0,0.0
4881,688.1,0.0
4882,688.2,0.001
4883,688.3,0.002
4884,688.4,0.008
4885,688.5,0.027
4886,688.6,0.087
4887,688.7,0.263
4888,688.8,0.766
4889,688.9,2.136
4890,689.0,5.71
4891,689.1,14.64
4892,689.2,36.01
4893,689.3,84.91
4894,689.4,192.0
4895,689.5,416.5
4896,689.6,866.3
4897,689.7,1728.0
4898,689.8,3306.0
4899,689.9,6065.0
4900,690.0,10670.0
4901,690.1,18010.0
4902,690.2,29140.0
4903,690.3,45210.0
4904,690.4,67290.0
4905,690.5,96030.0
4906,690.6,131400.0
4907,690.7,172500.0
4908,690.8,217200.0
4909,690.9,262200.0
4910,691.0,303600.0
4911,691.1,337000.0
4912,691.2,358900.0
4913,691.3,366500.0
4914,691.4,358900.0
4915,691.5,337000.0
4916,691.6,303600.0
4917,691.7,262200.0
4918,691.8,217200.0
4919,691.9,172600.0
4920,692.0,131500.0
4921,692.1,96260.0
4922,692.2,67790.0
4923,692.3,46290.0
4924,692.4,31340.0
4925,692.5,22330.0
4926,692.6,18790.0
4927,692.7,20710.0
4928,692.8,28640.0
4929,692.9,43770.0
4930,693.0,67790.0
4931,693.1,102600.0
4932,693.2,149900.0
4933,693.3,210600.0
4934,693.4,283900.0
4935,693.5,367200.0
4936,693.6,455600.0
4937,693.7,542400.0
4938,693.8,619500.0
4939,693.9,678700.0
4940,694.0,713400.0
4941,694.1,719300.0
4942,694.2,695800.0
4943,694.3,645700.0
4944,694.4,574900.0
4945,694.5,491000.0
4946,694.6,402300.0
4947,694.7,316200.0
4948,694.8,238400.0
4949,694.9,172500.0
4950,695.0,119700.0
4951,695.1,79670.0
4952,695.2,50880.0
4953,695.3,31180.0
4954,695.4,18320.0
4955,695.5,10330.0
4956,695.6,5589.0
4957,695.7,2900.0
4958,695.8,1444.0
4959,695.9,689.6
4960,696.0,316.0
4961,696.1,138.9
4962,696.2,58.56
4963,696.3,23.69
4964,696.4,9.192
4965,696.5,3.422
4966,696.6,1.222
4967,696.7,0.419
4968,696.8,0.138
4969,696.9,0.043
4970,697.0,0.013
4971,697.1,0.004
4972,697.2,0.001
4973,697.3,0.0
4974,697.4,0.0
4975,697.5,0.0
4976,697.6,0.0
4977,697.7,0.0
4978,697.8,0.0
4979,697.9,0.0
4980,698.0,0.0
4981,698.1,0.0
4982,698.2,0.0
4983,698.3,0.0
4984,698.4,0.0
4985,698.5,0.0
4986,698.6,0.0
4987,698.7,0.0
4988,698.8,0.0
4989,698.9,0.0
4990,699.0,0.0
4991,699.1,0.0
4992,699.2,0.0
4993,699.3,0.0
4994,699.4,0.0
4995,699.5,0.0
4996,699.6,0.0
4997,699.7,0.0
4998,699.8,0.0
4999,699.9,0.0
5000,700.0,0.0
5001,700.1,0.0
5002,700.2,0.0
5003,700.3,0.0
5004,700.4,0.0
5005,700.5,0.0
5006,700.6,0.0
5007,700.7,0.0
5008,700.8,0.0
5009,700.9,0.0
5010,701.0,0.0
5011,701.1,0.0
5012,701.2,0.0
5013,701.3,0.0
5014,701.4,0.0
5015,701.5,0.0
5016,701.6,0.0
5017,701.7,0.0
5018,701.8,0.0
5019,701.9,0.0
5020,702.0,0.0
5021,702.1,0.0
5022,702.2,0.0
5023,702.3,0.0
5024,702.4,0.0
5025,702.5,0.0
5026,702.6,0.0
5027,702.7,0.0
5028,702.8,0.0
5029,702.9,0.0
5030,703.0,0.0
5031,703.1,0.0
5032,703.2,0.0
5033,703.3,0.0
5034,703.4,0.0
5035,703.5,0.0
5036,703.6,0.0
5037,703.7,0.0
5038,703.8,0.0
5039,703.9,0.0
5040,704.0,0.0
5041,704.1,0.0
5042,704.2,0.0
5043,704.3,0.0
5044,704.4,0.0
5045,704.5,0.0
5046,704.6,0.0
5047,704.7,0.0
5048,704.8,0.0
5049,704.9,0.0
5050,705.0,0.0
5051,705.1,0.0
5052,705.2,0.0
5053,705.3,0.0
5054,705.4,0.0
5055,705.5,0.0
5056,705.6,0.0
5057,705.7,0.0
5058,705.8,0.0
5059,705.9,0.0
5060,706.0,0.0
5061,706.1,0.0
5062,706.2,0.0
5063,706.3,0.0
5064,706.4,0.0
5065,706.5,0.0
5066,706.6,0.0
5067,706.7,0.0
5068,706.8,0.0
5069,706.9,0.0
5070,707.0,0.0
5071,707.1,0.0
5072,707.2,0.0
5073,707.3,0.0
5074,707.4,0.0
5075,707.5,0.0
5076,707.6,0.0
5077,707.7,0.0
5078,707.8,0.0
5079,707.9,0.0
5080,708.0,0.0
5081,708.1,0.0
5082,708.2,0.0
5083,708.3,0.0
5084,708.4,0.0
5085,708.5,0.0
5086,708.6,0.0
5087,708.7,0.0
5088,708.8,0.0
5089,708.9,0.0
5090,709.0,0.0
5091,709.1,0.0
5092,709.2,0.0
5093,709.3,0.0
5094,709.4,0.0
5095,709.5,0.0
5096,709.6,0.0
5097,709.7,0.0
5098,709.8,0.0
5099,709.9,0.0
5100,710.0,0.0
5101,710.1,0.0
5102,710.2,0.0
5103,710.3,0.0
5104,710.4,0.0
5105,710.5,0.0
5106,710.6,0.0
5107,710.7,0.0
5108,710.8,0.0
5109,710.9,0.0
5110,711.0,0.0
5111,711.1,0.0
5112,711.2,0.0
5113,711.3,0.0
5114,711.4,0.0
5115,711.5,0.0
5116,711.6,0.0
5117,711.7,0.0
5118,711.8,0.0
5119,711.9,0.0
5120,712.0,0.0
5121,712.1,0.0
5122,712.2,0.0
5123,712.3,0.0
5124,712.4,0.0
5125,712.5,0.0
5126,712.6,0.0
5127,712.7,0.0
5128,712.8,0.0
5129,712.9,0.0
5130,713.0,0.0
5131,713.1,0.0
5132,713.2,0.0
5133,713.3,0.0
5134,713.4,0.0
5135,713.5,0.0
5136,713.6,0.0
5137,713.7,0.0
5138,713.8,0.0
5139,713.9,0.0
5140,714.0,0.0
5141,714.1,0.0
5142,714.2,0.0
5143,714.3,0.0
5144,714.4,0.0
5145,714.5,0.0
5146,714.6,0.0
5147,714.7,0.0
5148,714.8,0.0
5149,714.9,0.0
5150,715.0,0.0
5151,715.1,0.0
5152,715.2,0.0
5153,715.3,0.0
5154,715.4,0.0
5155,715.5,0.0
5156,715.6,0.0
5157,715.7,0.0
5158,715.8,0.0
5159,715.9,0.0
5160,716.0,0.0
5161,716.1,0.0
5162,716.2,0.0
5163,716.3,0.0
5164,716.4,0.0
5165,716.5,0.0
5166,716.6,0.0
5167,716.7,0.0
5168,716.8,0.0
5169,716.9,0.0
5170,717.0,0.0
5171,717.1,0.0
5172,717.2,0.0
5173,717.3,0.0
5174,717.4,0.0
5175,717.5,0.0
5176,717.6,0.0
5177,717.7,0.0
5178,717.8,0.0
5179,717.9,0.0
5180,718.0,0.0
5181,718.1,0.0
5182,718.2,0.0
5183,718.3,0.0
5184,718.4,0.0
5185,718.5,0.0
5186,718.6,0.0
5187,718.7,0.0
5188,718.8,0.0
5189,718.9,0.0
5190,719.0,0.0
5191,719.1,0.0
5192,719.2,0.0
5193,719.3,0.0
5194,719.4,0.0
5195,719.5,0.0
5196,719.6,0.0
5197,719.7,0.0
5198,719.8,0.0
5199,719.9,0.0
5200,720.0,0.0
5201,720.1,0.0
5202,720.2,0.0
5203,720.3,0.0
5204,720.4,0.0
5205,720.5,0.0
5206,720.6,0.0
5207,720.7,0.0
5208,720.8,0.0
5209,720.9,0.0
5210,721.0,0.0
5211,721.1,0.0
5212,721.2,0.0
5213,721.3,0.0
5214,721.4,0.0
5215,721.5,0.0
5216,721.6,0.0
5217,721.7,0.0
5218,721.8,0.0
5219,721.9,0.0
5220,722.0,0.0
5221,722.1,0.0
5222,722.2,0.0
5223,722.3,0.0
5224,722.4,0.0
5225,722.5,0.0
5226,722.6,0.0
5227,722.7,0.0
5228,722.8,0.0
5229,722.9,0.0
5230,723.0,0.0
5231,723.1,0.0
5232,723.2,0.0
5233,723.3,0.0
5234,723.4,0.0
5235,723.5,0.0
5236,723.6,0.0
5237,723.7,0.0
5238,723.8,0.0
5239,723.9,0.0
5240,724.0,0.0
5241,724.1,0.0
5242,724.2,0.0
5243,724.3,0.0
5244,724.4,0.0
5245,724.5,0.0
5246,724.6,0.0
5247,724.7,0.0
5248,724.8,0.0
5249,724.9,0.0
5250,725.0,0.0
5251,725.1,0.0
5252,725.2,0.0
5253,725.3,0.0
5254,725.4,0.0
5255,725.5,0.0
5256,725.6,0.0
5257,725.7,0.0
5258,725.8,0.0
5259,725.9,0.0
5260,726.0,0.0
5261,726.1,0.0
5262,726.2,0.0
5263,726.3,0.0
5264,726.4,0.0
5265,726.5,0.0
5266,726.6,0.0
5267,726.7,0.0
5268,726.8,0.0
5269,726.9,0.0
5270,727.0,0.0
5271,727.1,0.0
5272,727.2,0.0
5273,727.3,0.0
5274,727.4,0.0
5275,727.5,0.0
5276,727.6,0.0
5277,727.7,0.0
5278,727.8,0.0
5279,727.9,0.0
5280,728.0,0.0
5281,728.1,0.0
5282,728.2,0.0
5283,728.3,0.0
5284,728.4,0.0
5285,728.5,0.0
5286,728.6,0.0
5287,728.7,0.0
5288,728.8,0.0
5289,728.9,0.0
5290,729.0,0.0
5291,729.1,0.0
5292,729.2,0.0
5293,729.3,0.0
5294,729.4,0.0
5295,729.5,0.0
5296,729.6,0.0
5297,729.7,0.0
5298,729.8,0.0
5299,729.9,0.0
5300,730.0,0.0
5301,730.1,0.0
5302,730.2,0.0
5303,730.3,0.0
5304,730.4,0.0
5305,730.5,0.0
5306,730.6,0.0
5307,730.7,0.0
5308,730.8,0.0
5309,730.9,0.0
5310,731.0,0.0
5311,731.1,0.0
5312,731.2,0.0
5313,731.3,0.0
5314,731.4,0.0
5315,731.5,0.0
5316,731.6,0.0
5317,731.7,0.0
5318,731.8,0.0
5319,731.9,0.0
5320,732.0,0.0
5321,732.1,0.0
5322,732.2,0.0
5323,732.3,0.0
5324,732.4,0.0
5325,732.5,0.0
5326,732.6,0.0
5327,732.7,0.0
5328,732.8,0.0
5329,732.9,0.0
5330,733.0,0.0
5331,733.1,0.0
5332,733.2,0.0
5333,733.3,0.0
5334,733.4,0.0
5335,733.5,0.0
5336,733.6,0.0
5337,733.7,0.0
5338,733.8,0.0
5339,733.9,0.0
5340,734.0,0.0
5341,734.1,0.0
5342,734.2,0.0
5343,734.3,0.0
5344,734.4,0.0
5345,734.5,0.0
5346,734.6,0.0
5347,734.7,0.0
5348,734.8,0.0
5349,734.9,0.0
5350,735.0,0.0
5351,735.1,0.0
5352,735.2,0.0
5353,735.3,0.0
5354,735.4,0.0
5355,735.5,0.0
5356,735.6,0.0
5357,735.7,0.0
5358,735.8,0.0
5359,735.9,0.0
5360,736.0,0.0
5361,736.1,0.0
5362,736.2,0.0
5363,736.3,0.0
5364,736.4,0.0
5365,736.5,0.0
5366,736.6,0.0
5367,736.7,0.0
5368,736.8,0.0
5369,736.9,0.0
5370,737.0,0.0
5371,737.1,0.0
5372,737.2,0.0
5373,737.3,0.0
5374,737.4,0.0
5375,737.5,0.0
5376,737.6,0.0
5377,737.7,0.0
5378,737.8,0.0
5379,737.9,0.0
5380,738.0,0.0
5381,738.1,0.0
5382,738.2,0.0
5383,738.3,0.0
5384,738.4,0.0
5385,738.5,0.0
5386,738.6,0.0
5387,738.7,0.0
5388,738.8,0.0
5389,738.9,0.0
5390,739.0,0.0
5391,739.1,0.0
5392,739.2,0.0
5393,739.3,0.0
5394,739.4,0.0
5395,739.5,0.0
5396,739.6,0.0
5397,739.7,0.0
5398,739.8,0.0
5399,739.9,0.0
5400,740.0,0.0
5401,740.1,0.0
5402,740.2,0.0
5403,740.3,0.0
5404,740.4,0.0
5405,740.5,0.0
5406,740.6,0.0
5407,740.7,0.0
5408,740.8,0.0
5409,740.9,0.0
5410,741.0,0.0
5411,741.1,0.0
5412,741.2,0.0
5413,741.3,0.0
5414,741.4,0.0
5415,741.5,0.0
5416,741.6,0.0
5417,741.7,0.0
5418,741.8,0.0
5419,741.9,0.0
5420,742.0,0.0
5421,742.1,0.0
5422,742.2,0.0
5423,742.3,0.0
5424,742.4,0.0
5425,742.5,0.0
5426,742.6,0.0
5427,742.7,0.0
5428,742.8,0.0
5429,742.9,0.0
5430,743.0,0.0
5431,743.1,0.0
5432,743.2,0.0
5433,743.3,0.0
5434,743.4,0.0
5435,743.5,0.0
5436,743.6,0.0
5437,743.7,0.0
5438,743.8,0.0
5439,743.9,0.0
5440,744.0,0.0
5441,744.1,0.0
5442,744.2,0.0
5443,744.3,0.0
5444,744.4,0.0
5445,744.5,0.0
5446,744.6,0.0
5447,744.7,0.0
5448,744.8,0.0
5449,744.9,0.0
5450,745.0,0.0
5451,745.1,0.0
5452,745.2,0.0
5453,745.3,0.0
5454,745.4,0.0
5455,745.5,0.0
5456,745.6,0.0
5457,745.7,0.0
5458,745.8,0.0
5459,745.9,0.0
5460,746.0,0.0
5461,746.1,0.0
5462,746.2,0.0
5463,746.3,0.0
5464,746.4,0.0
5465,746.5,0.0
5466,746.6,0.0
5467,746.7,0.0
5468,746.8,0.0
5469,746.9,0.0
5470,747.0,0.0
5471,747.1,0.0
5472,747.2,0.0
5473,747.3,0.0
5474,747.4,0.0
5475,747.5,0.0
5476,747.6,0.0
5477,747.7,0.0
5478,747.8,0.0
5479,747.9,0.0
5480,748.0,0.0
5481,748.1,0.0
5482,748.2,0.0
5483,748.3,0.0
5484,748.4,0.0
5485,748.5,0.0
5486,748.6,0.0
5487,748.7,0.0
5488,748.8,0.0
5489,748.9,0.0
5490,749.0,0.0
5491,749.1,0.0
5492,749.2,0.0
5493,749.3,0.0
5494,749.4,0.0
5495,749.5,0.0
5496,749.6,0.0
5497,749.7,0.0
5498,749.8,0.0
5499,749.9,0.0
5500,750.0,0.0
5501,750.1,0.0
5502,750.2,0.0
5503,750.3,0.0
5504,750.4,0.0
5505,750.5,0.0
5506,750.6,0.0
5507,750.7,0.0
5508,750.8,0.0
5509,750.9,0.0
5510,751.0,0.0
5511,751.1,0.0
5512,751.2,0.0
5513,751.3,0.0
5514,751.4,0.0
5515,751.5,0.0
5516,751.6,0.0
5517,751.7,0.0
5518,751.8,0.0
5519,751.9,0.0
5520,752.0,0.0
5521,752.1,0.0
5522,752.2,0.0
5523,752.3,0.0
5524,752.4,0.0
5525,752.5,0.0
5526,752.6,0.0
5527,752.7,0.0
5528,752.8,0.0
5529,752.9,0.0
5530,753.0,0.0
5531,753.1,0.0
5532,753.2,0.0
5533,753.3,0.0
5534,753.4,0.0
5535,753.5,0.0
5536,753.6,0.0
5537,753.7,0.0
5538,753.8,0.0
5539,753.9,0.0
5540,754.0,0.0
5541,754.1,0.0
5542,754.2,0.0
5543,754.3,0.0
5544,754.4,0.0
5545,754.5,0.0
5546,754.6,0.0
5547,754.7,0.0
5548,754.8,0.0
5549,754.9,0.0
5550,755.0,0.0
5551,755.1,0.0
5552,755.2,0.0
5553,755.3,0.0
5554,755.4,0.0
5555,755.5,0.0
5556,755.6,0.002
5557,755.7,0.005
5558,755.8,0.017
5559,755.9,0.051
5560,756.0,0.151
5561,756.1,0.429
5562,756.2,1.179
5563,756.3,3.126
5564,756.4,8.007
5565,756.5,19.81
5566,756.6,47.35
5567,756.7,109.3
5568,756.8,243.7
5569,756.9,524.9
5570,757.0,1092.0
5571,757.1,2194.0
5572,757.2,4257.0
5573,757.3,7979.0
5574,757.4,14450.0
5575,757.5,25260.0
5576,757.6,42670.0
5577,757.7,69600.0
5578,757.8,109700.0
5579,757.9,166900.0
5580,758.0,245400.0
5581,758.1,348400.0
5582,758.2,477900.0
5583,758.3,633000.0
5584,758.4,809900.0
5585,758.5,1001000.0
5586,758.6,1195000.0
5587,758.7,1378000.0
5588,758.8,1534000.0
5589,758.9,1650000.0
5590,759.0,1714000.0
5591,759.1,1720000.0
5592,759.2,1667000.0
5593,759.3,1561000.0
5594,759.4,1411000.0
5595,759.5,1233000.0
5596,759.6,1040000.0
5597,759.7,847700.0
5598,759.8,667600.0
5599,759.9,508200.0
5600,760.0,374400.0
5601,760.1,267600.0
5602,760.2,186700.0
5603,760.3,128600.0
5604,760.4,89770.0
5605,760.5,66260.0
5606,760.6,54510.0
5607,760.7,51450.0
5608,760.8,54510.0
5609,760.9,61570.0
5610,761.0,70860.0
5611,761.1,80810.0
5612,761.2,90060.0
5613,761.3,97450.0
5614,761.4,102100.0
5615,761.5,103400.0
5616,761.6,101300.0
5617,761.7,95840.0
5618,761.8,87620.0
5619,761.9,77390.0
5620,762.0,66030.0
5621,762.1,54430.0
5622,762.2,43350.0
5623,762.3,33350.0
5624,762.4,24790.0
5625,762.5,17800.0
5626,762.6,12350.0
5627,762.7,8279.0
5628,762.8,5361.0
5629,762.9,3354.0
5630,763.0,2027.0
5631,763.1,1184.0
5632,763.2,667.7
5633,763.3,364.0
5634,763.4,192.0
5635,763.5,98.89
5636,763.6,52.15
5637,763.7,34.78
5638,763.8,43.31
5639,763.9,91.34
5640,764.0,223.0
5641,764.1,545.3
5642,764.2,1297.0
5643,764.3,2984.0
5644,764.4,6639.0
5645,764.5,14270.0
5646,764.6,29660.0
5647,764.7,59580.0
5648,764.8,115700.0
5649,764.9,217100.0
5650,765.0,393700.0
5651,765.1,690300.0
5652,765.2,1170000.0
5653,765.3,1916000.0
5654,765.4,3032000.0
5655,765.5,4639999.999
5656,765.6,6860999.999
5657,765.7,9807999.999
5658,765.8,13549999.999
5659,765.9,18089999.998
5660,766.0,23349999.998
5661,766.1,29129999.998
5662,766.2,35129999.998
5663,766.3,40939999.998
5664,766.4,46119999.998
5665,766.5,50209999.999
5666,766.6,52839999.999
5667,766.7,53750000.0
5668,766.8,52840000.001
5669,766.9,50210000.001
5670,767.0,46120000.002
5671,767.1,40940000.002
5672,767.2,35130000.002
5673,767.3,29130000.002
5674,767.4,23350000.002
5675,767.5,18090000.002
5676,767.6,13550000.001
5677,767.7,9809000.001
5678,767.8,6865000.001
5679,767.9,4647000.001
5680,768.0,3047000.0
5681,768.1,1945000.0
5682,768.2,1226000.0
5683,768.3,796000.0
5684,768.4,585200.0
5685,768.5,552200.0
5686,768.6,682800.0
5687,768.7,987600.0
5688,768.8,1498000.0
5689,768.9,2259000.0
5690,769.0,3327000.0
5691,769.1,4749999.999
5692,769.2,6562999.999
5693,769.3,8768999.999
5694,769.4,11329999.999
5695,769.5,14159999.999
5696,769.6,17099999.999
5697,769.7,19969999.999
5698,769.8,22539999.999
5699,769.9,24609999.999
5700,770.0,25970000.0
5701,770.1,26500000.0
5702,770.2,26150000.0
5703,770.3,24940000.001
5704,770.4,23000000.001
5705,770.5,20510000.001
5706,770.6,17680000.001
5707,770.7,14740000.001
5708,770.8,11880000.001
5709,770.9,9255000.001
5710,771.0,6972000.001
5711,771.1,5078000.001
5712,771.2,3576000.0
5713,771.3,2435000.0
5714,771.4,1603000.0
5715,771.5,1021000.0
5716,771.6,629900.0
5717,771.7,377600.0
5718,771.8,222400.0
5719,771.9,132600.0
5720,772.0,86040.0
5721,772.1,68480.0
5722,772.2,71350.0
5723,772.3,90200.0
5724,772.4,123100.0
5725,772.5,169500.0
5726,772.6,229000.0
5727,772.7,300500.0
5728,772.8,382000.0
5729,772.9,469900.0
5730,773.0,559100.0
5731,773.1,643300.0
5732,773.2,716000.0
5733,773.3,770600.0
5734,773.4,802200.0
5735,773.5,807500.0
5736,773.6,786200.0
5737,773.7,740300.0
5738,773.8,674200.0
5739,773.9,593900.0
5740,774.0,506000.0
5741,774.1,417100.0
5742,774.2,332800.0
5743,774.3,257300.0
5744,774.4,193300.0
5745,774.5,142000.0
5746,774.6,103300.0
5747,774.7,76460.0
5748,774.8,60160.0
5749,774.9,53040.0
5750,775.0,53770.0
5751,775.1,61090.0
5752,775.2,73810.0
5753,775.3,90720.0
5754,775.4,110500.0
5755,775.5,131500.0
5756,775.6,152100.0
5757,775.7,170600.0
5758,775.8,185300.0
5759,775.9,194700.0
5760,776.0,197900.0
5761,776.1,194700.0
5762,776.2,185200.0
5763,776.3,170400.0
5764,776.4,151700.0
5765,776.5,130700.0
5766,776.6,108900.0
5767,776.7,87720.0
5768,776.8,68380.0
5769,776.9,51560.0
5770,777.0,37610.0
5771,777.1,26530.0
5772,777.2,18110.0
5773,777.3,11960.0
5774,777.4,7637.0
5775,777.5,4718.0
5776,777.6,2820.0
5777,777.7,1630.0
5778,777.8,911.5
5779,777.9,493.1
5780,778.0,258.0
5781,778.1,130.6
5782,778.2,63.95
5783,778.3,30.29
5784,778.4,13.88
5785,778.5,6.151
5786,778.6,2.637
5787,778.7,1.094
5788,778.8,0.439
5789,778.9,0.17
5790,779.0,0.064
5791,779.1,0.023
5792,779.2,0.008
5793,779.3,0.003
5794,779.4,0.001
5795,779.5,0.0
5796,779.6,0.0
5797,779.7,0.0
5798,779.8,0.0
5799,779.9,0.0
5800,780.0,0.0
5801,780.1,0.0
5802,780.2,0.0
5803,780.3,0.0
5804,780.4,0.0
5805,780.5,0.0
5806,780.6,0.0
5807,780.7,0.0
5808,780.8,0.0
5809,780.9,0.0
5810,781.0,0.0
5811,781.1,0.0
5812,781.2,0.0
5813,781.3,0.0
5814,781.4,0.0
5815,781.5,0.0
5816,781.6,0.0
5817,781.7,0.0
5818,781.8,0.0
5819,781.9,0.0
5820,782.0,0.0
5821,782.1,0.0
5822,782.2,0.0
5823,782.3,0.0
5824,782.4,0.0
5825,782.5,0.0
5826,782.6,0.0
5827,782.7,0.0
5828,782.8,0.0
5829,782.9,0.0
5830,783.0,0.0
5831,783.1,0.0
5832,783.2,0.0
5833,783.3,0.0
5834,783.4,0.0
5835,783.5,0.0
5836,783.6,0.0
5837,783.7,0.0
5838,783.8,0.0
5839,783.9,0.0
5840,784.0,0.0
5841,784.1,0.0
5842,784.2,0.0
5843,784.3,0.0
5844,784.4,0.0
5845,784.5,0.0
5846,784.6,0.0
5847,784.7,0.0
5848,784.8,0.0
5849,784.9,0.0
5850,785.0,0.0
5851,785.1,0.0
5852,785.2,0.0
5853,785.3,0.0
5854,785.4,0.0
5855,785.5,0.0
5856,785.6,0.0
5857,785.7,0.0
5858,785.8,0.0
5859,785.9,0.0
5860,786.0,0.0
5861,786.1,0.0
5862,786.2,0.0
5863,786.3,0.0
5864,786.4,0.0
5865,786.5,0.0
5866,786.6,0.0
5867,786.7,0.0
5868,786.8,0.0
5869,786.9,0.0
5870,787.0,0.0
5871,787.1,0.0
5872,787.2,0.0
5873,787.3,0.0
5874,787.4,0.0
5875,787.5,0.0
5876,787.6,0.0
5877,787.7,0.0
5878,787.8,0.0
5879,787.9,0.0
5880,788.0,0.0
5881,788.1,0.0
5882,788.2,0.0
5883,788.3,0.0
5884,788.4,0.0
5885,788.5,0.0
5886,788.6,0.0
5887,788.7,0.0
5888,788.8,0.0
5889,788.9,0.0
5890,789.0,0.0
5891,789.1,0.0
5892,789.2,0.0
5893,789.3,0.0
5894,789.4,0.0
5895,789.5,0.0
5896,789.6,0.0
5897,789.7,0.0
5898,789.8,0.0
5899,789.9,0.0
5900,790.0,0.0
5901,790.1,0.0
5902,790.2,0.0
5903,790.3,0.0
5904,790.4,0.0
5905,790.5,0.0
5906,790.6,0.0
5907,790.7,0.0
5908,790.8,0.0
5909,790.9,0.0
5910,791.0,0.0
5911,791.1,0.0
5912,791.2,0.0
5913,791.3,0.0
5914,791.4,0.0
5915,791.5,0.0
5916,791.6,0.0
5917,791.7,0.0
5918,791.8,0.0
5919,791.9,0.0
5920,792.0,0.0
5921,792.1,0.0
5922,792.2,0.0
5923,792.3,0.0
5924,792.4,0.0
5925,792.5,0.0
5926,792.6,0.0
5927,792.7,0.0
5928,792.8,0.0
5929,792.9,0.0
5930,793.0,0.0
5931,793.1,0.0
5932,793.2,0.0
5933,793.3,0.0
5934,793.4,0.0
5935,793.5,0.0
5936,793.6,0.0
5937,793.7,0.0
5938,793.8,0.0
5939,793.9,0.0
5940,794.0,0.0
5941,794.1,0.0
5942,794.2,0.0
5943,794.3,0.0
5944,794.4,0.0
5945,794.5,0.0
5946,794.6,0.0
5947,794.7,0.0
5948,794.8,0.0
5949,794.9,0.0
5950,795.0,0.0
5951,795.1,0.0
5952,795.2,0.0
5953,795.3,0.0
5954,795.4,0.0
5955,795.5,0.0
5956,795.6,0.0
5957,795.7,0.0
5958,795.8,0.0
5959,795.9,0.0
5960,796.0,0.0
5961,796.1,0.0
5962,796.2,0.0
5963,796.3,0.0
5964,796.4,0.0
5965,796.5,0.0
5966,796.6,0.0
5967,796.7,0.0
5968,796.8,0.0
5969,796.9,0.0
5970,797.0,0.0
5971,797.1,0.0
5972,797.2,0.0
5973,797.3,0.0
5974,797.4,0.0
5975,797.5,0.0
5976,797.6,0.0
5977,797.7,0.0
5978,797.8,0.0
5979,797.9,0.0
5980,798.0,0.0
5981,798.1,0.0
5982,798.2,0.0
5983,798.3,0.0
5984,798.4,0.0
5985,798.5,0.0
5986,798.6,0.0
5987,798.7,0.0
5988,798.8,0.0
5989,798.9,0.0
5990,799.0,0.0
5991,799.1,0.0
5992,799.2,0.0
5993,799.3,0.0
5994,799.4,0.0
5995,799.5,0.0
5996,799.6,0.0
5997,799.7,0.0
5998,799.8,0.0
5999,799.9,0.0
6000,800.0,0.0
6001,800.1,0.0
6002,800.2,0.0
6003,800.3,0.0
6004,800.4,0.0
6005,800.5,0.0
6006,800.6,0.0
6007,800.7,0.0
6008,800.8,0.0
6009,800.9,0.0
6010,801.0,0.0
6011,801.1,0.0
6012,801.2,0.0
6013,801.3,0.0
6014,801.4,0.0
6015,801.5,0.0
6016,801.6,0.0
6017,801.7,0.0
6018,801.8,0.0
6019,801.9,0.0
6020,802.0,0.0
6021,802.1,0.0
6022,802.2,0.0
6023,802.3,0.0
6024,802.4,0.0
6025,802.5,0.0
6026,802.6,0.0
6027,802.7,0.0
6028,802.8,0.0
6029,802.9,0.0
6030,803.0,0.0
6031,803.1,0.0
6032,803.2,0.0
6033,803.3,0.0
6034,803.4,0.0
6035,803.5,0.0
6036,803.6,0.0
6037,803.7,0.0
6038,803.8,0.0
6039,803.9,0.0
6040,804.0,0.0
6041,804.1,0.0
6042,804.2,0.0
6043,804.3,0.0
6044,804.4,0.0
6045,804.5,0.0
6046,804.6,0.0
6047,804.7,0.0
6048,804.8,0.0
6049,804.9,0.0
6050,805.0,0.0
6051,805.1,0.0
6052,805.2,0.0
6053,805.3,0.0
6054,805.4,0.0
6055,805.5,0.0
6056,805.6,0.0
6057,805.7,0.0
6058,805.8,0.0
6059,805.9,0.0
6060,806.0,0.0
6061,806.1,0.0
6062,806.2,0.0
6063,806.3,0.0
6064,806.4,0.0
6065,806.5,0.0
6066,806.6,0.0
6067,806.7,0.0
6068,806.8,0.0
6069,806.9,0.0
6070,807.0,0.0
6071,807.1,0.0
6072,807.2,0.0
6073,807.3,0.0
6074,807.4,0.0
6075,807.5,0.0
6076,807.6,0.0
6077,807.7,0.0
6078,807.8,0.0
6079,807.9,0.0
6080,808.0,0.0
6081,808.1,0.0
6082,808.2,0.0
6083,808.3,0.0
6084,808.4,0.0
6085,808.5,0.0
6086,808.6,0.0
6087,808.7,0.0
6088,808.8,0.0
6089,808.9,0.0
6090,809.0,0.0
6091,809.1,0.0
6092,809.2,0.0
6093,809.3,0.0
6094,809.4,0.0
6095,809.5,0.0
6096,809.6,0.0
6097,809.7,0.0
6098,809.8,0.0
6099,809.9,0.0
6100,810.0,0.0
6101,810.1,0.0
6102,810.2,0.0
6103,810.3,0.0
6104,810.4,0.0
6105,810.5,0.0
6106,810.6,0.0
6107,810.7,0.0
6108,810.8,0.0
6109,810.9,0.0
6110,811.0,0.0
6111,811.1,0.0
6112,811.2,0.0
6113,811.3,0.0
6114,811.4,0.0
6115,811.5,0.0
6116,811.6,0.0
6117,811.7,0.0
6118,811.8,0.0
6119,811.9,0.0
6120,812.0,0.0
6121,812.1,0.0
6122,812.2,0.0
6123,812.3,0.0
6124,812.4,0.0
6125,812.5,0.0
6126,812.6,0.0
6127,812.7,0.0
6128,812.8,0.0
6129,812.9,0.0
6130,813.0,0.0
6131,813.1,0.0
6132,813.2,0.0
6133,813.3,0.0
6134,813.4,0.0
6135,813.5,0.0
6136,813.6,0.0
6137,813.7,0.0
6138,813.8,0.0
6139,813.9,0.0
6140,814.0,0.0
6141,814.1,0.0
6142,814.2,0.0
6143,814.3,0.0
6144,814.4,0.0
6145,814.5,0.0
6146,814.6,0.0
6147,814.7,0.0
6148,814.8,0.0
6149,814.9,0.0
6150,815.0,0.0
6151,815.1,0.0
6152,815.2,0.0
6153,815.3,0.0
6154,815.4,0.0
6155,815.5,0.0
6156,815.6,0.0
6157,815.7,0.0
6158,815.8,0.0
6159,815.9,0.0
6160,816.0,0.0
6161,816.1,0.0
6162,816.2,0.0
6163,816.3,0.0
6164,816.4,0.001
6165,816.5,0.002
6166,816.6,0.006
6167,816.7,0.02
6168,816.8,0.058
6169,816.9,0.168
6170,817.0,0.468
6171,817.1,1.267
6172,817.2,3.328
6173,817.3,8.486
6174,817.4,21.0
6175,817.5,50.47
6176,817.6,117.7
6177,817.7,266.5
6178,817.8,585.7
6179,817.9,1250.0
6180,818.0,2588.0
6181,818.1,5203.0
6182,818.2,10150.0
6183,818.3,19230.0
6184,818.4,35370.0
6185,818.5,63140.0
6186,818.6,109400.0
6187,818.7,184000.0
6188,818.8,300500.0
6189,818.9,476200.0
6190,819.0,732700.0
6191,819.1,1094000.0
6192,819.2,1587000.0
6193,819.3,2233000.0
6194,819.4,3051000.0
6195,819.5,4046000.0
6196,819.6,5208000.0
6197,819.7,6509000.0
6198,819.8,7895000.0
6199,819.9,9297000.0
6200,820.0,10630000.0
6201,820.1,11790000.0
6202,820.2,12700000.0
6203,820.3,13280000.0
6204,820.4,13480000.0
6205,820.5,13280000.0
6206,820.6,12700000.0
6207,820.7,11790000.0
6208,820.8,10630000.0
6209,820.9,9297000.0
6210,821.0,7895000.0
6211,821.1,6509000.0
6212,821.2,5208000.0
6213,821.3,4046000.0
6214,821.4,3051000.0
6215,821.5,2233000.0
6216,821.6,1587000.0
6217,821.7,1094000.0
6218,821.8,732700.0
6219,821.9,476200.0
6220,822.0,300500.0
6221,822.1,184100.0
6222,822.2,109500.0
6223,822.3,63360.0
6224,822.4,35860.0
6225,822.5,20320.0
6226,822.6,12450.0
6227,822.7,9934.0
6228,822.8,12060.0
6229,822.9,19650.0
6230,823.0,35300.0
6231,823.1,63880.0
6232,823.2,113300.0
6233,823.3,195700.0
6234,823.4,328400.0
6235,823.5,535300.0
6236,823.6,847300.0
6237,823.7,1303000.0
6238,823.8,1945000.0
6239,823.9,2821000.0
6240,824.0,3973000.0
6241,824.1,5435999.999
6242,824.2,7224999.999
6243,824.3,9328999.999
6244,824.4,11699999.999
6245,824.5,14259999.999
6246,824.6,16889999.999
6247,824.7,19439999.999
6248,824.8,21749999.999
6249,824.9,23649999.999
6250,825.0,25000000.0
6251,825.1,25710000.0
6252,825.2,25710000.0
6253,825.3,25020000.0
6254,825.4,23700000.001
6255,825.5,21850000.001
6256,825.6,19630000.001
6257,825.7,17180000.001
6258,825.8,14650000.001
6259,825.9,12190000.001
6260,826.0,9901000.001
6261,826.1,7848000.001
6262,826.2,6076000.001
6263,826.3,4596000.0
6264,826.4,3399000.0
6265,826.5,2458000.0
6266,826.6,1739000.0
6267,826.7,1203000.0
6268,826.8,814500.0
6269,826.9,539400.0
6270,827.0,349400.0
6271,827.1,221300.0
6272,827.2,137000.0
6273,827.3,82880.0
6274,827.4,48970.0
6275,827.5,28240.0
6276,827.6,15890.0
6277,827.7,8722.0
6278,827.8,4666.0
6279,827.9,2432.0
6280,828.0,1235.0
6281,828.1,610.2
6282,828.2,293.5
6283,828.3,137.4
6284,828.4,62.54
6285,828.5,27.69
6286,828.6,11.92
6287,828.7,4.987
6288,828.8,2.028
6289,828.9,0.802
6290,829.0,0.308
6291,829.1,0.115
6292,829.2,0.042
6293,829.3,0.015
6294,829.4,0.005
6295,829.5,0.002
6296,829.6,0.001
6297,829.7,0.0
6298,829.8,0.0
6299,829.9,0.0
6300,830.0,0.0
6301,830.1,0.0
6302,830.2,0.0
6303,830.3,0.0
6304,830.4,0.0
6305,830.5,0.0
6306,830.6,0.0
6307,830.7,0.0
6308,830.8,0.0
6309,830.9,0.0
6310,831.0,0.0
6311,831.1,0.0
6312,831.2,0.0
6313,831.3,0.0
6314,831.4,0.0
6315,831.5,0.0
6316,831.6,0.0
6317,831.7,0.0
6318,831.8,0.0
6319,831.9,0.0
6320,832.0,0.0
6321,832.1,0.0
6322,832.2,0.0
6323,832.3,0.0
6324,832.4,0.0
6325,832.5,0.0
6326,832.6,0.0
6327,832.7,0.0
6328,832.8,0.0
6329,832.9,0.0
6330,833.0,0.0
6331,833.1,0.0
6332,833.2,0.0
6333,833.3,0.0
6334,833.4,0.0
6335,833.5,0.0
6336,833.6,0.0
6337,833.7,0.0
6338,833.8,0.0
6339,833.9,0.0
6340,834.0,0.0
6341,834.1,0.0
6342,834.2,0.0
6343,834.3,0.0
6344,834.4,0.0
6345,834.5,0.0
6346,834.6,0.0
6347,834.7,0.0
6348,834.8,0.0
6349,834.9,0.0
6350,835.0,0.0
6351,835.1,0.0
6352,835.2,0.0
6353,835.3,0.0
6354,835.4,0.0
6355,835.5,0.0
6356,835.6,0.0
6357,835.7,0.0
6358,835.8,0.0
6359,835.9,0.0
6360,836.0,0.0
6361,836.1,0.0
6362,836.2,0.0
6363,836.3,0.0
6364,836.4,0.0
6365,836.5,0.0
6366,836.6,0.0
6367,836.7,0.0
6368,836.8,0.0
6369,836.9,0.0
6370,837.0,0.0
6371,837.1,0.0
6372,837.2,0.0
6373,837.3,0.0
6374,837.4,0.0
6375,837.5,0.0
6376,837.6,0.0
6377,837.7,0.0
6378,837.8,0.0
6379,837.9,0.0
6380,838.0,0.0
6381,838.1,0.0
6382,838.2,0.0
6383,838.3,0.0
6384,838.4,0.0
6385,838.5,0.0
6386,838.6,0.0
6387,838.7,0.0
6388,838.8,0.0
6389,838.9,0.0
6390,839.0,0.0
6391,839.1,0.0
6392,839.2,0.0
6393,839.3,0.0
6394,839.4,0.0
6395,839.5,0.0
6396,839.6,0.0
6397,839.7,0.0
6398,839.8,0.0
6399,839.9,0.0
6400,840.0,0.0
6401,840.1,0.0
6402,840.2,0.0
6403,840.3,0.0
6404,840.4,0.0
6405,840.5,0.0
6406,840.6,0.0
6407,840.7,0.0
6408,840.8,0.0
6409,840.9,0.0
6410,841.0,0.0
6411,841.1,0.0
6412,841.2,0.0
6413,841.3,0.0
6414,841.4,0.0
6415,841.5,0.0
6416,841.6,0.0
6417,841.7,0.0
6418,841.8,0.0
6419,841.9,0.0
6420,842.0,0.0
6421,842.1,0.0
6422,842.2,0.0
6423,842.3,0.0
6424,842.4,0.0
6425,842.5,0.0
6426,842.6,0.0
6427,842.7,0.0
6428,842.8,0.0
6429,842.9,0.0
6430,843.0,0.0
6431,843.1,0.0
6432,843.2,0.0
6433,843.3,0.0
6434,843.4,0.0
6435,843.5,0.0
6436,843.6,0.0
6437,843.7,0.0
6438,843.8,0.0
6439,843.9,0.0
6440,844.0,0.0
6441,844.1,0.0
6442,844.2,0.0
6443,844.3,0.0
6444,844.4,0.0
6445,844.5,0.0
6446,844.6,0.0
6447,844.7,0.0
6448,844.8,0.0
6449,844.9,0.0
6450,845.0,0.0
6451,845.1,0.0
6452,845.2,0.0
6453,845.3,0.0
6454,845.4,0.0
6455,845.5,0.0
6456,845.6,0.0
6457,845.7,0.0
6458,845.8,0.0
6459,845.9,0.0
6460,846.0,0.0
6461,846.1,0.0
6462,846.2,0.0
6463,846.3,0.0
6464,846.4,0.0
6465,846.5,0.0
6466,846.6,0.0
6467,846.7,0.0
6468,846.8,0.001
6469,846.9,0.002
6470,847.0,0.006
6471,847.1,0.015
6472,847.2,0.04
6473,847.3,0.1
6474,847.4,0.246
6475,847.5,0.588
6476,847.6,1.367
6477,847.7,3.094
6478,847.8,6.814
6479,847.9,14.6
6480,848.0,30.44
6481,848.1,61.75
6482,848.2,121.9
6483,848.3,234.1
6484,848.4,437.5
6485,848.5,795.6
6486,848.6,1408.0
6487,848.7,2424.0
6488,848.8,4061.0
6489,848.9,6621.0
6490,849.0,10500.0
6491,849.1,16210.0
6492,849.2,24360.0
6493,849.3,35610.0
6494,849.4,50650.0
6495,849.5,70110.0
6496,849.6,94450.0
6497,849.7,123800.0
6498,849.8,158000.0
6499,849.9,196100.0
6500,850.0,236900.0
6501,850.1,278500.0
6502,850.2,318700.0
6503,850.3,354900.0
6504,850.4,384500.0
6505,850.5,405500.0
6506,850.6,416200.0
6507,850.7,415700.0
6508,850.8,404100.0
6509,850.9,382200.0
6510,851.0,352000.0
6511,851.1,315500.0
6512,851.2,275400.0
6513,851.3,234500.0
6514,851.4,195400.0
6515,851.5,161000.0
6516,851.6,134700.0
6517,851.7,121300.0
6518,851.8,129100.0
6519,851.9,172800.0
6520,852.0,279000.0
6521,852.1,494000.0
6522,852.2,896600.0
6523,852.3,1615000.0
6524,852.4,2851999.999
6525,852.5,4911999.999
6526,852.6,8238999.998
6527,852.7,13449999.998
6528,852.8,21369999.996
6529,852.9,33029999.995
6530,853.0,49689999.993
6531,853.1,72709999.99
6532,853.2,103499999.987
6533,853.3,143399999.983
6534,853.4,193299999.98
6535,853.5,253599999.976
6536,853.6,323599999.972
6537,853.7,401799999.97
6538,853.8,485399999.968
6539,853.9,570499999.969
6540,854.0,652499999.971
6541,854.1,725999999.975
6542,854.2,786099999.981
6543,854.3,828099999.988
6544,854.4,848799999.997
6545,854.5,846400000.005
6546,854.6,821300000.013
6547,854.7,775400000.021
6548,854.8,712300000.026
6549,854.9,636600000.03
6550,855.0,553600000.032
6551,855.1,468400000.032
6552,855.2,385600000.03
6553,855.3,308900000.027
6554,855.4,240700000.024
6555,855.5,182500000.02
6556,855.6,134700000.016
6557,855.7,96680000.012
6558,855.8,67530000.009
6559,855.9,45890000.007
6560,856.0,30340000.005
6561,856.1,19520000.003
6562,856.2,12220000.002
6563,856.3,7443000.001
6564,856.4,4411000.001
6565,856.5,2543000.001
6566,856.6,1427000.0
6567,856.7,778800.0
6568,856.8,413600.0
6569,856.9,213700.0
6570,857.0,107500.0
6571,857.1,52570.0
6572,857.2,25020.0
6573,857.3,11590.0
6574,857.4,5221.0
6575,857.5,2289.0
6576,857.6,976.5
6577,857.7,405.3
6578,857.8,163.7
6579,857.9,64.31
6580,858.0,24.59
6581,858.1,9.145
6582,858.2,3.31
6583,858.3,1.165
6584,858.4,0.399
6585,858.5,0.133
6586,858.6,0.043
6587,858.7,0.014
6588,858.8,0.004
6589,858.9,0.001
6590,859.0,0.0
6591,859.1,0.0
6592,859.2,0.0
6593,859.3,0.0
6594,859.4,0.0
6595,859.5,0.0
6596,859.6,0.0
6597,859.7,0.0
6598,859.8,0.0
6599,859.9,0.0
6600,860.0,0.0
6601,860.1,0.0
6602,860.2,0.0
6603,860.3,0.0
6604,860.4,0.0
6605,860.5,0.0
6606,860.6,0.0
6607,860.7,0.0
6608,860.8,0.0
6609,860.9,0.0
6610,861.0,0.0
6611,861.1,0.0
6612,861.2,0.0
6613,861.3,0.0
6614,861.4,0.0
6615,861.5,0.0
6616,861.6,0.0
6617,861.7,0.0
6618,861.8,0.0
6619,861.9,0.0
6620,862.0,0.002
6621,862.1,0.005
6622,862.2,0.016
6623,862.3,0.05
6624,862.4,0.148
6625,862.5,0.429
6626,862.6,1.212
6627,862.7,3.336
6628,862.8,8.94
6629,862.9,23.33
6630,863.0,59.26
6631,863.1,146.6
6632,863.2,353.2
6633,863.3,828.3
6634,863.4,1892.0
6635,863.5,4207.0
6636,863.6,9109.0
6637,863.7,19210.0
6638,863.8,39430.0
6639,863.9,78820.0
6640,864.0,153400.0
6641,864.1,290800.0
6642,864.2,536600.0
6643,864.3,964200.0
6644,864.4,1687000.0
6645,864.5,2873999.999
6646,864.6,4767999.999
6647,864.7,7701999.999
6648,864.8,12109999.998
6649,864.9,18549999.997
6650,865.0,27669999.996
6651,865.1,40179999.995
6652,865.2,56799999.993
6653,865.3,78199999.991
6654,865.4,104799999.989
6655,865.5,136799999.987
6656,865.6,173899999.985
6657,865.7,215199999.984
6658,865.8,259299999.983
6659,865.9,304299999.983
6660,866.0,347599999.984
6661,866.1,386699999.986
6662,866.2,418899999.989
6663,866.3,441799999.993
6664,866.4,453699999.998
6665,866.5,453700000.002
6666,866.6,441800000.007
6667,866.7,418900000.011
6668,866.8,386700000.014
6669,866.9,347600000.016
6670,867.0,304300000.017
6671,867.1,259300000.017
6672,867.2,215200000.016
6673,867.3,173900000.015
6674,867.4,136800000.013
6675,867.5,104800000.011
6676,867.6,78200000.009
6677,867.7,56800000.007
6678,867.8,40180000.005
6679,867.9,27670000.004
6680,868.0,18550000.003
6681,868.1,12110000.002
6682,868.2,7702000.001
6683,868.3,4768000.001
6684,868.4,2874000.001
6685,868.5,1687000.0
6686,868.6,964200.0
6687,868.7,536600.0
6688,868.8,290800.0
6689,868.9,153400.0
6690,869.0,78820.0
6691,869.1,39430.0
6692,869.2,19210.0
6693,869.3,9109.0
6694,869.4,4207.0
6695,869.5,1892.0
6696,869.6,828.3
6697,869.7,353.2
6698,869.8,146.6
6699,869.9,59.26
6700,870.0,23.33
6701,870.1,8.94
6702,870.2,3.336
6703,870.3,1.212
6704,870.4,0.429
6705,870.5,0.148
6706,870.6,0.05
6707,870.7,0.016
6708,870.8,0.005
6709,870.9,0.002
6710,871.0,0.0
6711,871.1,0.0
6712,871.2,0.0
6713,871.3,0.0
6714,871.4,0.0
6715,871.5,0.0
6716,871.6,0.0
6717,871.7,0.0
6718,871.8,0.0
6719,871.9,0.0
6720,872.0,0.0
6721,872.1,0.0
6722,872.2,0.0
6723,872.3,0.0
6724,872.4,0.0
6725,872.5,0.0
6726,872.6,0.0
6727,872.7,0.0
6728,872.8,0.0
6729,872.9,0.0
6730,873.0,0.0
6731,873.1,0.0
6732,873.2,0.0
6733,873.3,0.0
6734,873.4,0.0
6735,873.5,0.0
6736,873.6,0.0
6737,873.7,0.0
6738,873.8,0.0
6739,873.9,0.0
6740,874.0,0.0
6741,874.1,0.0
6742,874.2,0.0
6743,874.3,0.0
6744,874.4,0.0
6745,874.5,0.0
6746,874.6,0.0
6747,874.7,0.0
6748,874.8,0.0
6749,874.9,0.0
6750,875.0,0.0
6751,875.1,0.0
6752,875.2,0.0
6753,875.3,0.0
6754,875.4,0.0
6755,875.5,0.0
6756,875.6,0.0
6757,875.7,0.0
6758,875.8,0.0
6759,875.9,0.0
6760,876.0,0.0
6761,876.1,0.0
6762,876.2,0.0
6763,876.3,0.0
6764,876.4,0.0
6765,876.5,0.0
6766,876.6,0.0
6767,876.7,0.0
6768,876.8,0.0
6769,876.9,0.0
6770,877.0,0.0
6771,877.1,0.0
6772,877.2,0.0
6773,877.3,0.0
6774,877.4,0.0
6775,877.5,0.0
6776,877.6,0.0
6777,877.7,0.0
6778,877.8,0.0
6779,877.9,0.0
6780,878.0,0.0
6781,878.1,0.0
6782,878.2,0.0
6783,878.3,0.0
6784,878.4,0.0
6785,878.5,0.0
6786,878.6,0.0
6787,878.7,0.0
6788,878.8,0.0
6789,878.9,0.0
6790,879.0,0.0
6791,879.1,0.0
6792,879.2,0.0
6793,879.3,0.0
6794,879.4,0.0
6795,879.5,0.0
6796,879.6,0.0
6797,879.7,0.0
6798,879.8,0.0
6799,879.9,0.0
6800,880.0,0.0
6801,880.1,0.0
6802,880.2,0.0
6803,880.3,0.0
6804,880.4,0.0
6805,880.5,0.0
6806,880.6,0.0
6807,880.7,0.0
6808,880.8,0.0
6809,880.9,0.0
6810,881.0,0.0
6811,881.1,0.0
6812,881.2,0.0
6813,881.3,0.0
6814,881.4,0.0
6815,881.5,0.0
6816,881.6,0.0
6817,881.7,0.0
6818,881.8,0.0
6819,881.9,0.0
6820,882.0,0.0
6821,882.1,0.0
6822,882.2,0.0
6823,882.3,0.0
6824,882.4,0.0
6825,882.5,0.0
6826,882.6,0.0
6827,882.7,0.0
6828,882.8,0.0
6829,882.9,0.0
6830,883.0,0.0
6831,883.1,0.0
6832,883.2,0.0
6833,883.3,0.0
6834,883.4,0.0
6835,883.5,0.0
6836,883.6,0.0
6837,883.7,0.0
6838,883.8,0.0
6839,883.9,0.0
6840,884.0,0.0
6841,884.1,0.0
6842,884.2,0.0
6843,884.3,0.0
6844,884.4,0.0
6845,884.5,0.0
6846,884.6,0.0
6847,884.7,0.0
6848,884.8,0.0
6849,884.9,0.0
6850,885.0,0.0
6851,885.1,0.0
6852,885.2,0.0
6853,885.3,0.0
6854,885.4,0.0
6855,885.5,0.0
6856,885.6,0.0
6857,885.7,0.0
6858,885.8,0.0
6859,885.9,0.0
6860,886.0,0.0
6861,886.1,0.0
6862,886.2,0.0
6863,886.3,0.0
6864,886.4,0.0
6865,886.5,0.001
6866,886.6,0.003
6867,886.7,0.008
6868,886.8,0.019
6869,886.9,0.049
6870,887.0,0.119
6871,887.1,0.282
6872,887.2,0.654
6873,887.3,1.478
6874,887.4,3.26
6875,887.5,7.012
6876,887.6,14.71
6877,887.7,30.1
6878,887.8,60.06
6879,887.9,116.9
6880,888.0,222.0
6881,888.1,411.0
6882,888.2,742.5
6883,888.3,1308.0
6884,888.4,2248.0
6885,888.5,3768.0
6886,888.6,6162.0
6887,888.7,9828.0
6888,888.8,15290.0
6889,888.9,23210.0
6890,889.0,34350.0
6891,889.1,49610.0
6892,889.2,69880.0
6893,889.3,96030.0
6894,889.4,128700.0
6895,889.5,168300.0
6896,889.6,214700.0
6897,889.7,267200.0
6898,889.8,324400.0
6899,889.9,384200.0
6900,890.0,443900.0
6901,890.1,500300.0
6902,890.2,550100.0
6903,890.3,590100.0
6904,890.4,617500.0
6905,890.5,630400.0
6906,890.6,627900.0
6907,890.7,610100.0
6908,890.8,578400.0
6909,890.9,534900.0
6910,891.0,482600.0
6911,891.1,424800.0
6912,891.2,364800.0
6913,891.3,305600.0
6914,891.4,249800.0
6915,891.5,199200.0
6916,891.6,155000.0
6917,891.7,117600.0
6918,891.8,87090.0
6919,891.9,62910.0
6920,892.0,44340.0
6921,892.1,30480.0
6922,892.2,20450.0
6923,892.3,13380.0
6924,892.4,8543.0
6925,892.5,5320.0
6926,892.6,3233.0
6927,892.7,1916.0
6928,892.8,1108.0
6929,892.9,625.1
6930,893.0,344.0
6931,893.1,184.7
6932,893.2,96.74
6933,893.3,49.43
6934,893.4,24.64
6935,893.5,11.98
6936,893.6,5.681
6937,893.7,2.629
6938,893.8,1.186
6939,893.9,0.522
6940,894.0,0.224
6941,894.1,0.094
6942,894.2,0.038
6943,894.3,0.015
6944,894.4,0.006
6945,894.5,0.002
6946,894.6,0.001
6947,894.7,0.0
6948,894.8,0.0
6949,894.9,0.0
6950,895.0,0.0
6951,895.1,0.0
6952,895.2,0.0
6953,895.3,0.0
6954,895.4,0.0
6955,895.5,0.0
6956,895.6,0.0
6957,895.7,0.0
6958,895.8,0.0
6959,895.9,0.0
6960,896.0,0.0
6961,896.1,0.0
6962,896.2,0.0
6963,896.3,0.0
6964,896.4,0.0
6965,896.5,0.0
6966,896.6,0.0
6967,896.7,0.0
6968,896.8,0.0
6969,896.9,0.0
6970,897.0,0.0
6971,897.1,0.0
6972,897.2,0.0
6973,897.3,0.0
6974,897.4,0.0
6975,897.5,0.0
6976,897.6,0.0
6977,897.7,0.0
6978,897.8,0.0
6979,897.9,0.0
6980,898.0,0.0
6981,898.1,0.0
6982,898.2,0.0
6983,898.3,0.0
6984,898.4,0.0
6985,898.5,0.0
6986,898.6,0.0
6987,898.7,0.0
6988,898.8,0.0
6989,898.9,0.0
6990,899.0,0.0
6991,899.1,0.0
6992,899.2,0.0
6993,899.3,0.0
6994,899.4,0.0
6995,899.5,0.0
6996,899.6,0.0
6997,899.7,0.0
6998,899.8,0.0
6999,899.9,0.0
7000,900.0,0.0
7001,900.1,0.0
7002,900.2,0.0
7003,900.3,0.0
7004,900.4,0.0
7005,900.5,0.0
7006,900.6,0.0
7007,900.7,0.0
7008,900.8,0.0
7009,900.9,0.0
7010,901.0,0.0
7011,901.1,0.0
7012,901.2,0.0
7013,901.3,0.0
7014,901.4,0.0
7015,901.5,0.0
7016,901.6,0.0
7017,901.7,0.0
7018,901.8,0.0
7019,901.9,0.0
7020,902.0,0.0
7021,902.1,0.0
7022,902.2,0.0
7023,902.3,0.0
7024,902.4,0.0
7025,902.5,0.0
7026,902.6,0.0
7027,902.7,0.0
7028,902.8,0.0
7029,902.9,0.0
7030,903.0,0.0
7031,903.1,0.0
7032,903.2,0.0
7033,903.3,0.0
7034,903.4,0.0
7035,903.5,0.0
7036,903.6,0.0
7037,903.7,0.0
7038,903.8,0.0
7039,903.9,0.0
7040,904.0,0.0
7041,904.1,0.0
7042,904.2,0.0
7043,904.3,0.0
7044,904.4,0.0
7045,904.5,0.0
7046,904.6,0.0
7047,904.7,0.0
7048,904.8,0.0
7049,904.9,0.0
7050,905.0,0.0
7051,905.1,0.0
7052,905.2,0.0
7053,905.3,0.0
7054,905.4,0.0
7055,905.5,0.0
7056,905.6,0.0
7057,905.7,0.0
7058,905.8,0.0
7059,905.9,0.0
7060,906.0,0.0
7061,906.1,0.0
7062,906.2,0.0
7063,906.3,0.0
7064,906.4,0.0
7065,906.5,0.0
7066,906.6,0.0
7067,906.7,0.0
7068,906.8,0.0
7069,906.9,0.0
7070,907.0,0.0
7071,907.1,0.0
7072,907.2,0.0
7073,907.3,0.0
7074,907.4,0.0
7075,907.5,0.0
7076,907.6,0.0
7077,907.7,0.0
7078,907.8,0.0
7079,907.9,0.0
7080,908.0,0.0
7081,908.1,0.0
7082,908.2,0.0
7083,908.3,0.0
7084,908.4,0.0
7085,908.5,0.0
7086,908.6,0.0
7087,908.7,0.0
7088,908.8,0.0
7089,908.9,0.0
7090,909.0,0.0
7091,909.1,0.0
7092,909.2,0.0
7093,909.3,0.0
7094,909.4,0.0
7095,909.5,0.0
7096,909.6,0.0
7097,909.7,0.0
7098,909.8,0.0
7099,909.9,0.0
7100,910.0,0.0
7101,910.1,0.0
7102,910.2,0.0
7103,910.3,0.0
7104,910.4,0.0
7105,910.5,0.0
7106,910.6,0.0
7107,910.7,0.0
7108,910.8,0.0
7109,910.9,0.0
7110,911.0,0.0
7111,911.1,0.0
7112,911.2,0.0
7113,911.3,0.0
7114,911.4,0.0
7115,911.5,0.0
7116,911.6,0.0
7117,911.7,0.0
7118,911.8,0.0
7119,911.9,0.0
7120,912.0,0.0
7121,912.1,0.0
7122,912.2,0.0
7123,912.3,0.0
7124,912.4,0.0
7125,912.5,0.0
7126,912.6,0.0
7127,912.7,0.0
7128,912.8,0.0
7129,912.9,0.0
7130,913.0,0.0
7131,913.1,0.0
7132,913.2,0.0
7133,913.3,0.0
7134,913.4,0.0
7135,913.5,0.0
7136,913.6,0.0
7137,913.7,0.0
7138,913.8,0.0
7139,913.9,0.0
7140,914.0,0.0
7141,914.1,0.0
7142,914.2,0.0
7143,914.3,0.0
7144,914.4,0.0
7145,914.5,0.0
7146,914.6,0.0
7147,914.7,0.0
7148,914.8,0.0
7149,914.9,0.0
7150,915.0,0.0
7151,915.1,0.0
7152,915.2,0.0
7153,915.3,0.0
7154,915.4,0.0
7155,915.5,0.0
7156,915.6,0.0
7157,915.7,0.0
7158,915.8,0.0
7159,915.9,0.0
7160,916.0,0.0
7161,916.1,0.0
7162,916.2,0.0
7163,916.3,0.0
7164,916.4,0.0
7165,916.5,0.0
7166,916.6,0.0
7167,916.7,0.0
7168,916.8,0.0
7169,916.9,0.0
7170,917.0,0.0
7171,917.1,0.0
7172,917.2,0.0
7173,917.3,0.0
7174,917.4,0.0
7175,917.5,0.0
7176,917.6,0.0
7177,917.7,0.0
7178,917.8,0.0
7179,917.9,0.0
7180,918.0,0.0
7181,918.1,0.0
7182,918.2,0.0
7183,918.3,0.0
7184,918.4,0.0
7185,918.5,0.0
7186,918.6,0.0
7187,918.7,0.0
7188,918.8,0.0
7189,918.9,0.0
7190,919.0,0.0
7191,919.1,0.0
7192,919.2,0.0
7193,919.3,0.0
7194,919.4,0.0
7195,919.5,0.0
7196,919.6,0.0
7197,919.7,0.0
7198,919.8,0.0
7199,919.9,0.0
7200,920.0,0.0
7201,920.1,0.0
7202,920.2,0.0
7203,920.3,0.0
7204,920.4,0.0
7205,920.5,0.0
7206,920.6,0.0
7207,920.7,0.0
7208,920.8,0.0
7209,920.9,0.0
7210,921.0,0.0
7211,921.1,0.0
7212,921.2,0.0
7213,921.3,0.0
7214,921.4,0.0
7215,921.5,0.0
7216,921.6,0.0
7217,921.7,0.0
7218,921.8,0.0
7219,921.9,0.0
7220,922.0,0.0
7221,922.1,0.0
7222,922.2,0.0
7223,922.3,0.0
7224,922.4,0.0
7225,922.5,0.0
7226,922.6,0.0
7227,922.7,0.0
7228,922.8,0.0
7229,922.9,0.0
7230,923.0,0.0
7231,923.1,0.0
7232,923.2,0.0
7233,923.3,0.0
7234,923.4,0.0
7235,923.5,0.0
7236,923.6,0.0
7237,923.7,0.0
7238,923.8,0.0
7239,923.9,0.0
7240,924.0,0.0
7241,924.1,0.0
7242,924.2,0.0
7243,924.3,0.0
7244,924.4,0.0
7245,924.5,0.0
7246,924.6,0.0
7247,924.7,0.0
7248,924.8,0.0
7249,924.9,0.0
7250,925.0,0.0
7251,925.1,0.0
7252,925.2,0.0
7253,925.3,0.0
7254,925.4,0.0
7255,925.5,0.0
7256,925.6,0.0
7257,925.7,0.0
7258,925.8,0.0
7259,925.9,0.0
7260,926.0,0.0
7261,926.1,0.0
7262,926.2,0.0
7263,926.3,0.0
7264,926.4,0.0
7265,926.5,0.0
7266,926.6,0.0
7267,926.7,0.0
7268,926.8,0.0
7269,926.9,0.0
7270,927.0,0.0
7271,927.1,0.0
7272,927.2,0.0
7273,927.3,0.0
7274,927.4,0.0
7275,927.5,0.0
7276,927.6,0.0
7277,927.7,0.0
7278,927.8,0.0
7279,927.9,0.0
7280,928.0,0.0
7281,928.1,0.0
7282,928.2,0.0
7283,928.3,0.0
7284,928.4,0.0
7285,928.5,0.0
7286,928.6,0.0
7287,928.7,0.0
7288,928.8,0.0
7289,928.9,0.0
7290,929.0,0.0
7291,929.1,0.0
7292,929.2,0.0
7293,929.3,0.0
7294,929.4,0.0
7295,929.5,0.0
7296,929.6,0.0
7297,929.7,0.0
7298,929.8,0.0
7299,929.9,0.0
7300,930.0,0.0
7301,930.1,0.0
7302,930.2,0.0
7303,930.3,0.0
7304,930.4,0.0
7305,930.5,0.0
7306,930.6,0.0
7307,930.7,0.0
7308,930.8,0.0
7309,930.9,0.0
7310,931.0,0.0
7311,931.1,0.0
7312,931.2,0.0
7313,931.3,0.0
7314,931.4,0.0
7315,931.5,0.0
7316,931.6,0.0
7317,931.7,0.0
7318,931.8,0.0
7319,931.9,0.0
7320,932.0,0.0
7321,932.1,0.0
7322,932.2,0.0
7323,932.3,0.0
7324,932.4,0.0
7325,932.5,0.0
7326,932.6,0.0
7327,932.7,0.0
7328,932.8,0.0
7329,932.9,0.0
7330,933.0,0.0
7331,933.1,0.0
7332,933.2,0.0
7333,933.3,0.0
7334,933.4,0.0
7335,933.5,0.0
7336,933.6,0.0
7337,933.7,0.0
7338,933.8,0.0
7339,933.9,0.0
7340,934.0,0.0
7341,934.1,0.0
7342,934.2,0.0
7343,934.3,0.0
7344,934.4,0.0
7345,934.5,0.0
7346,934.6,0.0
7347,934.7,0.0
7348,934.8,0.0
7349,934.9,0.0
7350,935.0,0.0
7351,935.1,0.0
7352,935.2,0.0
7353,935.3,0.0
7354,935.4,0.0
7355,935.5,0.0
7356,935.6,0.0
7357,935.7,0.0
7358,935.8,0.0
7359,935.9,0.0
7360,936.0,0.0
7361,936.1,0.0
7362,936.2,0.0
7363,936.3,0.0
7364,936.4,0.0
7365,936.5,0.0
7366,936.6,0.0
7367,936.7,0.0
7368,936.8,0.0
7369,936.9,0.0
7370,937.0,0.0
7371,937.1,0.0
7372,937.2,0.0
7373,937.3,0.0
7374,937.4,0.0
7375,937.5,0.0
7376,937.6,0.0
7377,937.7,0.0
7378,937.8,0.0
7379,937.9,0.0
7380,938.0,0.0
7381,938.1,0.0
7382,938.2,0.0
7383,938.3,0.0
7384,938.4,0.0
7385,938.5,0.0
7386,938.6,0.0
7387,938.7,0.0
7388,938.8,0.0
7389,938.9,0.0
7390,939.0,0.0
7391,939.1,0.0
7392,939.2,0.0
7393,939.3,0.0
7394,939.4,0.0
7395,939.5,0.0
7396,939.6,0.0
7397,939.7,0.0
7398,939.8,0.0
7399,939.9,0.0
7400,940.0,0.0
7401,940.1,0.0
7402,940.2,0.0
7403,940.3,0.0
7404,940.4,0.0
7405,940.5,0.0
7406,940.6,0.0
7407,940.7,0.0
7408,940.8,0.0
7409,940.9,0.0
7410,941.0,0.0
7411,941.1,0.0
7412,941.2,0.0
7413,941.3,0.0
7414,941.4,0.0
7415,941.5,0.0
7416,941.6,0.0
7417,941.7,0.0
7418,941.8,0.0
7419,941.9,0.0
7420,942.0,0.0
7421,942.1,0.0
7422,942.2,0.0
7423,942.3,0.0
7424,942.4,0.0
7425,942.5,0.0
7426,942.6,0.0
7427,942.7,0.0
7428,942.8,0.0
7429,942.9,0.0
7430,943.0,0.0
7431,943.1,0.0
7432,943.2,0.0
7433,943.3,0.0
7434,943.4,0.0
7435,943.5,0.0
7436,943.6,0.0
7437,943.7,0.0
7438,943.8,0.0
7439,943.9,0.0
7440,944.0,0.0
7441,944.1,0.0
7442,944.2,0.0
7443,944.3,0.0
7444,944.4,0.0
7445,944.5,0.0
7446,944.6,0.0
7447,944.7,0.0
7448,944.8,0.0
7449,944.9,0.0
7450,945.0,0.0
7451,945.1,0.0
7452,945.2,0.0
7453,945.3,0.0
7454,945.4,0.0
7455,945.5,0.0
7456,945.6,0.0
7457,945.7,0.0
7458,945.8,0.0
7459,945.9,0.0
7460,946.0,0.0
7461,946.1,0.0
7462,946.2,0.0
7463,946.3,0.0
7464,946.4,0.0
7465,946.5,0.0
7466,946.6,0.0
7467,946.7,0.0
7468,946.8,0.0
7469,946.9,0.0
7470,947.0,0.0
7471,947.1,0.0
7472,947.2,0.0
7473,947.3,0.0
7474,947.4,0.0
7475,947.5,0.0
7476,947.6,0.0
7477,947.7,0.0
7478,947.8,0.0
7479,947.9,0.0
7480,948.0,0.0
7481,948.1,0.0
7482,948.2,0.0
7483,948.3,0.0
7484,948.4,0.0
7485,948.5,0.0
7486,948.6,0.0
7487,948.7,0.0
7488,948.8,0.0
7489,948.9,0.0
7490,949.0,0.0
7491,949.1,0.0
7492,949.2,0.0
7493,949.3,0.0
7494,949.4,0.0
7495,949.5,0.0
7496,949.6,0.0
7497,949.7,0.0
7498,949.8,0.0
7499,949.9,0.0
7500,950.0,0.0
7501,950.1,0.0
7502,950.2,0.0
7503,950.3,0.0
7504,950.4,0.0
7505,950.5,0.0
7506,950.6,0.0
7507,950.7,0.0
7508,950.8,0.0
7509,950.9,0.0
7510,951.0,0.0
7511,951.1,0.0
7512,951.2,0.0
7513,951.3,0.0
7514,951.4,0.0
7515,951.5,0.0
7516,951.6,0.0
7517,951.7,0.0
7518,951.8,0.0
7519,951.9,0.0
7520,952.0,0.0
7521,952.1,0.0
7522,952.2,0.0
7523,952.3,0.0
7524,952.4,0.0
7525,952.5,0.0
7526,952.6,0.0
7527,952.7,0.0
7528,952.8,0.0
7529,952.9,0.0
7530,953.0,0.0
7531,953.1,0.0
7532,953.2,0.0
7533,953.3,0.0
7534,953.4,0.0
7535,953.5,0.0
7536,953.6,0.0
7537,953.7,0.0
7538,953.8,0.0
7539,953.9,0.0
7540,954.0,0.0
7541,954.1,0.0
7542,954.2,0.0
7543,954.3,0.0
7544,954.4,0.0
7545,954.5,0.0
7546,954.6,0.0
7547,954.7,0.0
7548,954.8,0.0
7549,954.9,0.0
7550,955.0,0.0
7551,955.1,0.0
7552,955.2,0.0
7553,955.3,0.0
7554,955.4,0.0
7555,955.5,0.001
7556,955.6,0.002
7557,955.7,0.006
7558,955.8,0.015
7559,955.9,0.035
7560,956.0,0.082
7561,956.1,0.186
7562,956.2,0.416
7563,956.3,0.909
7564,956.4,1.946
7565,956.5,4.077
7566,956.6,8.359
7567,956.7,16.77
7568,956.8,32.95
7569,956.9,63.33
7570,957.0,119.2
7571,957.1,219.5
7572,957.2,395.6
7573,957.3,698.0
7574,957.4,1206.0
7575,957.5,2038.0
7576,957.6,3372.0
7577,957.7,5462.0
7578,957.8,8659.0
7579,957.9,13440.0
7580,958.0,20410.0
7581,958.1,30360.0
7582,958.2,44190.0
7583,958.3,62970.0
7584,958.4,87830.0
7585,958.5,119900.0
7586,958.6,160300.0
7587,958.7,209700.0
7588,958.8,268700.0
7589,958.9,336900.0
7590,959.0,413600.0
7591,959.1,497000.0
7592,959.2,584800.0
7593,959.3,673500.0
7594,959.4,759400.0
7595,959.5,838300.0
7596,959.6,905900.0
7597,959.7,958500.0
7598,959.8,992800.0
7599,959.9,1007000.0
7600,960.0,999400.0
7601,960.1,971400.0
7602,960.2,924300.0
7603,960.3,861100.0
7604,960.4,785400.0
7605,960.5,701300.0
7606,960.6,613100.0
7607,960.7,524800.0
7608,960.8,439800.0
7609,960.9,360800.0
7610,961.0,289800.0
7611,961.1,227900.0
7612,961.2,175400.0
7613,961.3,132200.0
7614,961.4,97590.0
7615,961.5,70500.0
7616,961.6,49870.0
7617,961.7,34530.0
7618,961.8,23410.0
7619,961.9,15540.0
7620,962.0,10100.0
7621,962.1,6423.0
7622,962.2,4000.0
7623,962.3,2439.0
7624,962.4,1456.0
7625,962.5,850.7
7626,962.6,486.6
7627,962.7,272.5
7628,962.8,149.4
7629,962.9,80.18
7630,963.0,42.13
7631,963.1,21.67
7632,963.2,10.91
7633,963.3,5.376
7634,963.4,2.594
7635,963.5,1.225
7636,963.6,0.566
7637,963.7,0.256
7638,963.8,0.114
7639,963.9,0.049
7640,964.0,0.021
7641,964.1,0.009
7642,964.2,0.004
7643,964.3,0.001
7644,964.4,0.001
7645,964.5,0.0
7646,964.6,0.0
7647,964.7,0.0
7648,964.8,0.0
7649,964.9,0.0
7650,965.0,0.0
7651,965.1,0.0
7652,965.2,0.0
7653,965.3,0.0
7654,965.4,0.0
7655,965.5,0.0
7656,965.6,0.0
7657,965.7,0.0
7658,965.8,0.0
7659,965.9,0.0
7660,966.0,0.0
7661,966.1,0.0
7662,966.2,0.0
7663,966.3,0.0
7664,966.4,0.0
7665,966.5,0.0
7666,966.6,0.0
7667,966.7,0.0
7668,966.8,0.0
7669,966.9,0.0
7670,967.0,0.0
7671,967.1,0.0
7672,967.2,0.0
7673,967.3,0.0
7674,967.4,0.0
7675,967.5,0.0
7676,967.6,0.0
7677,967.7,0.0
7678,967.8,0.0
7679,967.9,0.0
7680,968.0,0.0
7681,968.1,0.0
7682,968.2,0.0
7683,968.3,0.0
7684,968.4,0.0
7685,968.5,0.0
7686,968.6,0.0
7687,968.7,0.0
7688,968.8,0.0
7689,968.9,0.0
7690,969.0,0.0
7691,969.1,0.0
7692,969.2,0.0
7693,969.3,0.0
7694,969.4,0.0
7695,969.5,0.0
7696,969.6,0.0
7697,969.7,0.0
7698,969.8,0.0
7699,969.9,0.0
7700,970.0,0.0
7701,970.1,0.0
7702,970.2,0.0
7703,970.3,0.0
7704,970.4,0.0
7705,970.5,0.0
7706,970.6,0.0
7707,970.7,0.0
7708,970.8,0.0
7709,970.9,0.0
7710,971.0,0.0
7711,971.1,0.0
7712,971.2,0.0
7713,971.3,0.0
7714,971.4,0.0
7715,971.5,0.0
7716,971.6,0.0
7717,971.7,0.0
7718,971.8,0.0
7719,971.9,0.0
7720,972.0,0.0
7721,972.1,0.0
7722,972.2,0.0
7723,972.3,0.0
7724,972.4,0.0
7725,972.5,0.0
7726,972.6,0.0
7727,972.7,0.0
7728,972.8,0.0
7729,972.9,0.0
7730,973.0,0.0
7731,973.1,0.0
7732,973.2,0.0
7733,973.3,0.0
7734,973.4,0.0
7735,973.5,0.0
7736,973.6,0.0
7737,973.7,0.0
7738,973.8,0.0
7739,973.9,0.0
7740,974.0,0.0
7741,974.1,0.0
7742,974.2,0.0
7743,974.3,0.0
7744,974.4,0.0
7745,974.5,0.0
7746,974.6,0.0
7747,974.7,0.0
7748,974.8,0.0
7749,974.9,0.0
7750,975.0,0.0
7751,975.1,0.0
7752,975.2,0.0
7753,975.3,0.0
7754,975.4,0.0
7755,975.5,0.0
7756,975.6,0.0
7757,975.7,0.0
7758,975.8,0.0
7759,975.9,0.0
7760,976.0,0.0
7761,976.1,0.0
7762,976.2,0.0
7763,976.3,0.0
7764,976.4,0.0
7765,976.5,0.0
7766,976.6,0.0
7767,976.7,0.0
7768,976.8,0.0
7769,976.9,0.0
7770,977.0,0.0
7771,977.1,0.0
7772,977.2,0.0
7773,977.3,0.0
7774,977.4,0.0
7775,977.5,0.0
7776,977.6,0.0
7777,977.7,0.0
7778,977.8,0.0
7779,977.9,0.0
7780,978.0,0.0
7781,978.1,0.0
7782,978.2,0.0
7783,978.3,0.0
7784,978.4,0.0
7785,978.5,0.0
7786,978.6,0.0
7787,978.7,0.0
7788,978.8,0.0
7789,978.9,0.0
7790,979.0,0.0
7791,979.1,0.0
7792,979.2,0.0
7793,979.3,0.0
7794,979.4,0.0
7795,979.5,0.0
7796,979.6,0.0
7797,979.7,0.0
7798,979.8,0.0
7799,979.9,0.0
7800,980.0,0.0
7801,980.1,0.0
7802,980.2,0.0
7803,980.3,0.0
7804,980.4,0.0
7805,980.5,0.0
7806,980.6,0.0
7807,980.7,0.0
7808,980.8,0.0
7809,980.9,0.0
7810,981.0,0.0
7811,981.1,0.0
7812,981.2,0.001
7813,981.3,0.003
7814,981.4,0.008
7815,981.5,0.019
7816,981.6,0.045
7817,981.7,0.105
7818,981.8,0.238
7819,981.9,0.532
7820,982.0,1.162
7821,982.1,2.489
7822,982.2,5.222
7823,982.3,10.73
7824,982.4,21.61
7825,982.5,42.62
7826,982.6,82.34
7827,982.7,155.9
7828,982.8,289.0
7829,982.9,525.0
7830,983.0,934.1
7831,983.1,1628.0
7832,983.2,2781.0
7833,983.3,4652.0
7834,983.4,7624.0
7835,983.5,12240.0
7836,983.6,19250.0
7837,983.7,29660.0
7838,983.8,44760.0
7839,983.9,66190.0
7840,984.0,95870.0
7841,984.1,136000.0
7842,984.2,189100.0
7843,984.3,257500.0
7844,984.4,343500.0
7845,984.5,448800.0
7846,984.6,574600.0
7847,984.7,720600.0
7848,984.8,885200.0
7849,984.9,1065000.0
7850,985.0,1256000.0
7851,985.1,1451000.0
7852,985.2,1641000.0
7853,985.3,1819000.0
7854,985.4,1976000.0
7855,985.5,2101000.0
7856,985.6,2190000.0
7857,985.7,2235000.0
7858,985.8,2235000.0
7859,985.9,2190000.0
7860,986.0,2101000.0
7861,986.1,1976000.0
7862,986.2,1819000.0
7863,986.3,1641000.0
7864,986.4,1451000.0
7865,986.5,1256000.0
7866,986.6,1065000.0
7867,986.7,885200.0
7868,986.8,720600.0
7869,986.9,574600.0
7870,987.0,448800.0
7871,987.1,343500.0
7872,987.2,257500.0
7873,987.3,189100.0
7874,987.4,136000.0
7875,987.5,95870.0
7876,987.6,66190.0
7877,987.7,44760.0
7878,987.8,29660.0
7879,987.9,19250.0
7880,988.0,12240.0
7881,988.1,7624.0
7882,988.2,4652.0
7883,988.3,2781.0
7884,988.4,1628.0
7885,988.5,934.1
7886,988.6,525.0
7887,988.7,289.0
7888,988.8,155.9
7889,988.9,82.35
7890,989.0,42.63
7891,989.1,21.64
7892,989.2,10.8
7893,989.3,5.384
7894,989.4,2.859
7895,989.5,1.988
7896,989.6,2.337
7897,989.7,4.106
7898,989.8,8.226
7899,989.9,16.75
7900,990.0,33.71
7901,990.1,66.57
7902,990.2,128.9
7903,990.3,244.5
7904,990.4,454.6
7905,990.5,828.2
7906,990.6,1479.0
7907,990.7,2587.0
7908,990.8,4435.0
7909,990.9,7451.0
7910,991.0,12270.0
7911,991.1,19790.0
7912,991.2,31290.0
7913,991.3,48470.0
7914,991.4,73580.0
7915,991.5,109500.0
7916,991.6,159600.0
7917,991.7,228000.0
7918,991.8,319200.0
7919,991.9,437800.0
7920,992.0,588600.0
7921,992.1,775400.0
7922,992.2,1001000.0
7923,992.3,1266000.0
7924,992.4,1570000.0
7925,992.5,1907000.0
7926,992.6,2270000.0
7927,992.7,2648000.0
7928,992.8,3027000.0
7929,992.9,3391000.0
7930,993.0,3722000.0
7931,993.1,4004000.0
7932,993.2,4220000.0
7933,993.3,4359000.0
7934,993.4,4413000.0
7935,993.5,4377000.0
7936,993.6,4254000.0
7937,993.7,4053000.0
7938,993.8,3783000.0
7939,993.9,3460000.0
7940,994.0,3101000.0
7941,994.1,2724000.0
7942,994.2,2345000.0
7943,994.3,1978000.0
7944,994.4,1635000.0
7945,994.5,1324000.0
7946,994.6,1051000.0
7947,994.7,817300.0
7948,994.8,623000.0
7949,994.9,465300.0
7950,995.0,340500.0
7951,995.1,244200.0
7952,995.2,171700.0
7953,995.3,118200.0
7954,995.4,79800.0
7955,995.5,52780.0
7956,995.6,34200.0
7957,995.7,21720.0
7958,995.8,13520.0
7959,995.9,8246.0
7960,996.0,4928.0
7961,996.1,2886.0
7962,996.2,1656.0
7963,996.3,931.5
7964,996.4,513.4
7965,996.5,277.2
7966,996.6,146.7
7967,996.7,76.09
7968,996.8,38.67
7969,996.9,19.26
7970,997.0,9.397
7971,997.1,4.494
7972,997.2,2.106
7973,997.3,0.967
7974,997.4,0.435
7975,997.5,0.192
7976,997.6,0.083
7977,997.7,0.035
7978,997.8,0.015
7979,997.9,0.006
7980,998.0,0.002
7981,998.1,0.001
7982,998.2,0.0
7983,998.3,0.0
7984,998.4,0.0
7985,998.5,0.0
7986,998.6,0.0
7987,998.7,0.0
7988,998.8,0.0
7989,998.9,0.0
7990,999.0,0.0
7991,999.1,0.0
7992,999.2,0.0
7993,999.3,0.0
7994,999.4,0.0
7995,999.5,0.0
7996,999.6,0.0
7997,999.7,0.0
7998,999.8,0.0
7999,999.9,0.0
