,wavelength,intensity
0,200.0,25170000.0
1,200.1,25510000.0
2,200.2,22578820.262
3,200.3,17478254.304
4,200.4,11808763.14
5,200.5,6972826.717
6,200.6,3596125.939
7,200.7,1620682.542
8,200.8,637847.988
9,200.9,219841.524
10,201.0,66296.404
11,201.1,17903.928
12,201.2,4460.071
13,201.3,1229.502
14,201.4,451.707
15,201.5,222.895
16,201.6,118.168
17,201.7,58.423
18,201.8,25.808
19,201.9,10.043
20,202.0,3.428
21,202.1,1.025
22,202.2,0.27
23,202.3,0.063
24,202.4,0.018
25,202.5,0.027
26,202.6,0.098
27,202.7,0.34
28,202.8,1.043
29,202.9,2.818
30,203.0,6.711
31,203.1,14.078
32,203.2,26.062
33,203.3,42.552
34,203.4,61.367
35,203.5,78.265
36,203.6,88.426
37,203.7,89.098
38,203.8,82.125
39,203.9,88.875
40,204.0,236.101
41,204.1,1419.581
42,204.2,9236.919
43,204.3,52990.857
44,204.4,273848.879
45,204.5,1240395.458
46,204.6,4920210.016
47,204.7,17276348.587
48,204.8,53209947.098
49,204.9,144400000.0
50,205.0,344599999.999
51,205.1,724299999.999
52,205.2,1340977230.395
53,205.3,2187676216.44
54,205.4,3152640080.096
55,205.5,4032829092.919
56,205.6,4617050383.047
57,205.7,4812283067.762
58,205.8,4705635523.517
59,205.9,4499806905.936
60,206.0,4379983235.869
61,206.1,4399828431.627
62,206.2,4478525513.299
63,206.3,4486710472.839
64,206.4,4332073370.721
65,206.5,3989133716.138
66,206.6,3478420309.218
67,206.7,2847423461.89
68,206.8,2160811691.256
69,206.9,1500654185.777
70,207.0,943218649.429
71,207.1,531427564.827
72,207.2,266692879.103
73,207.3,118759405.995
74,207.4,46800000.0
75,207.5,16290000.0
76,207.6,5003000.0
77,207.7,1354394.395
78,207.8,324457.024
79,207.9,67867.532
80,208.0,12968.737
81,208.1,2223.612
82,208.2,443.839
83,208.3,144.517
84,208.4,85.049
85,208.5,63.546
86,208.6,54.851
87,208.7,52.935
88,208.8,55.486
89,208.9,61.155
90,209.0,70.802
91,209.1,89.587
92,209.2,128.294
93,209.3,201.792
94,209.4,322.62
95,209.5,490.936
96,209.6,687.137
97,209.7,873.379
98,209.8,1005.981
99,209.9,1056.0
100,210.0,1019.0
101,210.1,919.7
102,210.2,795.359
103,210.3,677.217
104,210.4,578.888
105,210.5,495.852
106,210.6,416.336
107,210.7,332.209
108,210.8,245.629
109,210.9,165.213
110,211.0,99.975
111,211.1,54.149
112,211.2,26.12
113,211.3,11.199
114,211.4,4.269
115,211.5,1.44
116,211.6,0.433
117,211.7,0.116
118,211.8,0.034
119,211.9,0.032
120,212.0,0.094
121,212.1,0.291
122,212.2,0.808
123,212.3,2.0
124,212.4,4.418
125,212.5,8.713
126,212.6,15.36
127,212.7,24.249
128,212.8,34.355
129,212.9,43.77
130,213.0,50.328
131,213.1,52.425
132,213.2,49.72
133,213.3,43.25
134,213.4,34.941
135,213.5,26.849
136,213.6,20.568
137,213.7,16.947
138,213.8,16.178
139,213.9,18.142
140,214.0,22.706
141,214.1,29.761
142,214.2,38.821
143,214.3,48.518
144,214.4,56.528
145,214.5,60.251
146,214.6,58.057
147,214.7,50.233
148,214.8,38.861
149,214.9,26.82
150,215.0,16.49
151,215.1,9.03
152,215.2,4.399
153,215.3,1.907
154,215.4,0.735
155,215.5,0.252
156,215.6,0.077
157,215.7,0.021
158,215.8,0.005
159,215.9,0.001
160,216.0,0.0
161,216.1,0.0
162,216.2,0.0
163,216.3,0.0
164,216.4,0.0
165,216.5,0.0
166,216.6,0.0
167,216.7,0.0
168,216.8,0.0
169,216.9,0.0
170,217.0,0.0
171,217.1,0.0
172,217.2,0.0
173,217.3,0.0
174,217.4,0.0
175,217.5,0.0
176,217.6,0.0
177,217.7,0.0
178,217.8,0.0
179,217.9,0.0
180,218.0,0.0
181,218.1,0.0
182,218.2,0.0
183,218.3,0.0
184,218.4,0.0
185,218.5,0.002
186,218.6,0.009
187,218.7,0.041
188,218.8,0.164
189,218.9,0.591
190,219.0,1.888
191,219.1,5.405
192,219.2,13.823
193,219.3,31.603
194,219.4,64.627
195,219.5,118.131
196,219.6,193.189
197,219.7,282.462
198,219.8,369.388
199,219.9,431.9
200,220.0,451.7
201,220.1,422.4
202,220.2,353.216
203,220.3,264.146
204,220.4,176.705
205,220.5,105.706
206,220.6,56.505
207,220.7,27.027
208,220.8,11.554
209,220.9,4.422
210,221.0,1.509
211,221.1,0.462
212,221.2,0.126
213,221.3,0.031
214,221.4,0.007
215,221.5,0.001
216,221.6,0.0
217,221.7,0.0
218,221.8,0.0
219,221.9,0.0
220,222.0,0.0
221,222.1,0.0
222,222.2,0.0
223,222.3,0.001
224,222.4,0.006
225,222.5,0.028
226,222.6,0.112
227,222.7,0.408
228,222.8,1.34
229,222.9,3.941
230,223.0,10.413
231,223.1,24.7
232,223.2,52.588
233,223.3,100.511
234,223.4,172.387
235,223.5,265.401
236,223.6,366.901
237,223.7,455.316
238,223.8,507.157
239,223.9,507.178
240,224.0,455.286
241,224.1,366.889
242,224.2,265.39
243,224.3,172.407
244,224.4,100.494
245,224.5,52.587
246,224.6,24.705
247,224.7,10.438
248,224.8,4.068
249,224.9,2.033
250,225.0,3.851
251,225.1,15.5
252,225.2,61.767
253,225.3,223.911
254,225.4,728.666
255,225.5,2137.83
256,225.6,5641.707
257,225.7,13395.342
258,225.8,28629.186
259,225.9,55027.745
260,226.0,95252.9
261,226.1,148268.271
262,226.2,207737.795
263,226.3,262020.831
264,226.4,297480.744
265,226.5,304052.287
266,226.6,280495.235
267,226.7,235304.958
268,226.8,184419.748
269,226.9,147163.069
270,227.0,143347.928
271,227.1,192129.511
272,227.2,311092.482
273,227.3,512179.124
274,227.4,794300.0
275,227.5,1137000.0
276,227.6,1497000.0
277,227.7,1817515.641
278,227.8,2040574.043
279,227.9,2124189.367
280,228.0,2051246.648
281,228.1,1837589.748
282,228.2,1523532.46
283,228.3,1165261.265
284,228.4,818320.566
285,228.5,526404.049
286,228.6,308777.236
287,228.7,164846.043
288,228.8,80001.12
289,228.9,35737.903
290,229.0,16176.276
291,229.1,11513.202
292,229.2,18437.369
293,229.3,39810.797
294,229.4,83712.086
295,229.5,161784.749
296,229.6,285972.414
297,229.7,463340.279
298,229.8,691053.51
299,229.9,953700.0
300,230.0,1225000.0
301,230.1,1474000.0
302,230.2,1670578.103
303,230.3,1792382.682
304,230.4,1824600.844
305,230.5,1759479.776
306,230.6,1604139.188
307,230.7,1373673.3
308,230.8,1099010.959
309,230.9,815723.823
310,231.0,558556.197
311,231.1,351084.029
312,231.2,201812.757
313,231.3,105736.647
314,231.4,50386.088
315,231.5,21796.28
316,231.6,8552.807
317,231.7,3035.244
318,231.8,979.086
319,231.9,296.767
320,232.0,118.994
321,232.1,160.582
322,232.2,420.632
323,232.3,1102.061
324,232.4,2640.0
325,232.5,5745.0
326,232.6,11360.0
327,232.7,20422.84
328,232.8,33447.894
329,232.9,50002.498
330,233.0,68443.989
331,233.1,86195.721
332,233.2,100543.896
333,233.3,109805.023
334,233.4,113998.439
335,233.5,114696.424
336,233.6,113939.764
337,233.7,113135.162
338,233.8,112405.171
339,233.9,110844.075
340,234.0,107826.968
341,234.1,104467.448
342,234.2,103730.886
343,234.3,109477.221
344,234.4,125187.513
345,234.5,154140.504
346,234.6,201585.038
347,234.7,279565.827
348,234.8,409950.689
349,234.9,622400.0
350,235.0,942200.0
351,235.1,1371000.0
352,235.2,1868693.898
353,235.3,2349211.366
354,235.4,2705267.832
355,235.5,2851219.093
356,235.6,2769368.789
357,235.7,2533635.233
358,235.8,2310739.29
359,235.9,2314117.39
360,236.0,2756726.437
361,236.1,3783906.793
362,236.2,5411622.715
363,236.3,7475016.678
364,236.4,9632879.666
365,236.5,11420649.581
366,236.6,12403893.993
367,236.7,12344850.251
368,236.8,11262702.52
369,236.9,9473387.194
370,237.0,7425631.255
371,237.1,5555257.794
372,237.2,4148309.237
373,237.3,3291311.041
374,237.4,2917000.0
375,237.5,2908000.0
376,237.6,3205000.0
377,237.7,3876786.157
378,237.8,5112814.732
379,237.9,7133967.248
380,238.0,10038130.175
381,238.1,13663413.228
382,238.2,17524165.277
383,238.3,20929270.613
384,238.4,23199054.635
385,238.5,23895237.379
386,238.6,22968644.745
387,238.7,20750243.167
388,238.8,17768065.307
389,238.9,14516749.403
390,239.0,11378081.079
391,239.1,8574956.408
392,239.2,6185805.136
393,239.3,4241717.689
394,239.4,2741808.098
395,239.5,1657397.785
396,239.6,934226.494
397,239.7,499325.916
398,239.8,285559.769
399,239.9,257700.0
400,240.0,438400.0
401,240.1,930000.0
402,240.2,1920327.197
403,240.3,3652559.715
404,240.4,6340162.408
405,240.5,10029665.397
406,240.6,14459493.385
407,240.7,18987986.013
408,240.8,22719095.688
409,240.9,24780443.551
410,241.0,24633371.848
411,241.1,22323654.109
412,241.2,18455174.077
413,241.3,13942271.973
414,241.4,9639951.766
415,241.5,6132403.92
416,241.6,3634018.87
417,241.7,2062436.117
418,241.8,1190674.793
419,241.9,772055.954
420,242.0,608852.109
421,242.1,570386.28
422,242.2,579826.76
423,242.3,595842.789
424,242.4,597800.0
425,242.5,577000.0
426,242.6,533000.0
427,242.7,470778.153
428,242.8,399003.791
429,242.9,329058.305
430,243.0,275174.371
431,243.1,258467.798
432,243.2,311702.142
433,243.3,484460.804
434,243.4,840666.199
435,243.5,1444722.256
436,243.6,2329772.453
437,243.7,3463557.091
438,243.8,4717374.966
439,243.9,5878747.476
440,244.0,6703940.485
441,244.1,7014163.264
442,244.2,6774176.074
443,244.3,6132003.597
444,244.4,5376660.306
445,244.5,4842763.494
446,244.6,4793591.768
447,244.7,5328791.904
448,244.8,6338203.981
449,244.9,7529000.0
450,245.0,8519000.0
451,245.1,8967000.0
452,245.2,8686460.613
453,245.3,7713692.95
454,245.4,6266254.307
455,245.5,4654342.009
456,245.6,3160159.535
457,245.7,1961851.056
458,245.8,1112141.347
459,245.9,576616.843
460,246.0,273070.512
461,246.1,118246.759
462,246.2,46747.928
463,246.3,16908.396
464,246.4,5635.101
465,246.5,1862.062
466,246.6,1114.293
467,246.7,2222.657
468,246.8,6289.386
469,246.9,17095.734
470,247.0,42637.643
471,247.1,97472.772
472,247.2,204013.326
473,247.3,391117.163
474,247.4,686600.0
475,247.5,1104000.0
476,247.6,1626000.0
477,247.7,2192052.558
478,247.8,2707133.497
479,247.9,3063573.567
480,248.0,3175853.444
481,248.1,3023780.612
482,248.2,2657185.906
483,248.3,2192085.714
484,248.4,1784687.754
485,248.5,1604303.469
486,248.6,1823327.564
487,248.7,2612773.108
488,248.8,4130374.886
489,248.9,6493344.378
490,249.0,9730206.132
491,249.1,13734071.521
492,249.2,18241401.863
493,249.3,22819384.118
494,249.4,26957156.304
495,249.5,30200708.746
496,249.6,32228236.427
497,249.7,33018983.838
498,249.8,32893227.998
499,249.9,32390000.0
500,250.0,32100000.0
501,250.1,32410000.0
502,250.2,33306560.044
503,250.3,34391822.998
504,250.4,35101355.776
505,250.5,34886144.558
506,250.6,33496120.354
507,250.7,31005679.444
508,250.8,27762279.357
509,250.9,24213469.184
510,251.0,20803959.159
511,251.1,17824997.664
512,251.2,15463542.273
513,251.3,13787829.691
514,251.4,12727987.324
515,251.5,12176078.947
516,251.6,12055639.707
517,251.7,12377056.114
518,251.8,13388570.551
519,251.9,15623214.104
520,252.0,19806767.382
521,252.1,26607126.864
522,252.2,36359319.372
523,252.3,48686789.25
524,252.4,62370000.0
525,252.5,75600000.0
526,252.6,86450000.0
527,252.7,93516614.292
528,252.8,96398206.608
529,252.9,95608433.671
530,253.0,92284634.736
531,253.1,87612853.419
532,253.2,82377011.782
533,253.3,76847536.095
534,253.4,70892683.36
535,253.5,64236533.378
536,253.6,56722080.049
537,253.7,48470927.423
538,253.8,39899968.362
539,253.9,31611134.165
540,254.0,24244195.241
541,254.1,18271372.1
542,254.2,13907852.718
543,254.3,11096061.98
544,254.4,9583148.247
545,254.5,9043601.536
546,254.6,9164265.746
547,254.7,9705923.295
548,254.8,10533101.978
549,254.9,11630000.0
550,255.0,13080000.0
551,255.1,15020000.0
552,255.2,17598248.876
553,255.3,20803318.263
554,255.4,24389149.564
555,255.5,27877939.185
556,255.6,30620122.753
557,255.7,32078319.744
558,255.8,31946819.931
559,255.9,30256070.601
560,256.0,27350091.598
561,256.1,23710162.73
562,256.2,19860473.952
563,256.3,16286499.168
564,256.4,13459542.387
565,256.5,11822544.048
566,256.6,11708115.884
567,256.7,13268813.079
568,256.8,16358692.962
569,256.9,20494753.733
570,257.0,24867748.91
571,257.1,28577716.612
572,257.2,30884266.375
573,257.3,31439018.386
574,257.4,30380000.0
575,257.5,28210000.0
576,257.6,25550000.0
577,257.7,22859066.103
578,257.8,20382405.398
579,257.9,18108710.681
580,258.0,15985635.095
581,258.1,14010243.513
582,258.2,12293063.848
583,258.3,11032802.858
584,258.4,10448816.27
585,258.5,10713313.028
586,258.6,11894821.905
587,258.7,13978200.625
588,258.8,16788275.415
589,258.9,19966002.999
590,259.0,23002819.261
591,259.1,25276062.177
592,259.2,26226667.951
593,259.3,25544860.399
594,259.4,23281268.818
595,259.5,19850227.428
596,259.6,15907986.421
597,259.7,12136097.177
598,259.8,9043758.623
599,259.9,6890000.0
600,260.0,5675000.0
601,260.1,5207000.0
602,260.2,5204142.544
603,260.3,5380542.522
604,260.4,5508865.517
605,260.5,5457362.371
606,260.6,5195358.817
607,260.7,4776390.995
608,260.8,4298752.134
609,260.9,3858716.793
610,261.0,3519581.054
611,261.1,3307161.828
612,261.2,3227863.168
613,261.3,3294836.222
614,261.4,3548112.002
615,261.5,4050209.114
616,261.6,4860624.763
617,261.7,6006017.88
618,261.8,7455620.647
619,261.9,9113909.039
620,262.0,10832647.468
621,262.1,12453746.041
622,262.2,13796354.694
623,262.3,14733011.843
624,262.4,15170000.0
625,262.5,15110000.0
626,262.6,14560000.0
627,262.7,13633663.363
628,262.8,12455391.016
629,262.9,11186758.182
630,263.0,9980123.39
631,263.1,8970141.88
632,263.2,8273879.26
633,263.3,7959535.459
634,263.4,8058232.202
635,263.5,8562921.036
636,263.6,9444541.894
637,263.7,10645188.926
638,263.8,12124557.464
639,263.9,13848345.562
640,264.0,15803741.261
641,264.1,18037128.5
642,264.2,20717364.702
643,264.3,24324189.769
644,264.4,29864673.348
645,264.5,39196478.811
646,264.6,55276402.128
647,264.7,82086393.267
648,264.8,124023624.026
649,264.9,184599999.997
650,265.0,264799999.997
651,265.1,361799999.996
652,265.2,469010529.054
653,265.3,576705523.011
654,265.4,675094641.162
655,265.5,756160699.358
656,265.6,815736139.77
657,265.7,853834624.182
658,265.8,874861957.336
659,265.9,888094242.9
660,266.0,907704458.024
661,266.1,951554859.027
662,266.2,1037935437.779
663,266.3,1178031101.155
664,266.4,1373349287.761
665,266.5,1612819585.321
666,266.6,1873606197.427
667,266.7,2128631150.474
668,266.8,2351713365.96
669,266.9,2521004731.938
670,267.0,2620883290.181
671,267.1,2634513959.432
672,267.2,2553470732.919
673,267.3,2375036932.53
674,267.4,2107000000.012
675,267.5,1774000000.014
676,267.6,1411000000.014
677,267.7,1055905006.474
678,267.8,742022465.155
679,267.9,488667801.135
680,268.0,301622186.364
681,268.1,174670569.791
682,268.2,95336497.404
683,268.3,49450128.268
684,268.4,24790211.317
685,268.5,12449168.872
686,268.6,6752303.45
687,268.7,4398148.834
688,268.8,3652184.964
689,268.9,3619019.539
690,269.0,3850512.488
691,269.1,4136085.928
692,269.2,4406601.468
693,269.3,4704368.242
694,269.4,5144492.111
695,269.5,5881512.946
696,269.6,7059652.057
697,269.7,8760391.781
698,269.8,10949345.689
699,269.9,13460000.0
700,270.0,15960000.0
701,270.1,18030000.0
702,270.2,19264921.653
703,270.3,19354322.035
704,270.4,18246440.392
705,270.5,16105667.25
706,270.6,13309712.566
707,270.7,10324623.456
708,270.8,7599054.095
709,270.9,5435434.665
710,271.0,4005831.663
711,271.1,3334319.694
712,271.2,3340931.388
713,271.3,3870478.641
714,271.4,4727545.855
715,271.5,5702813.967
716,271.6,6618522.607
717,271.7,7384162.859
718,271.8,8048804.953
719,271.9,8827877.281
720,272.0,10062837.141
721,272.1,12150358.527
722,272.2,15388933.33
723,272.3,19817887.52
724,272.4,25210000.0
725,272.5,31030000.0
726,272.6,36610000.0
727,272.7,41378411.783
728,272.8,45035788.717
729,272.9,47723434.463
730,273.0,50062572.847
731,273.1,53081898.327
732,273.2,58203281.954
733,273.3,67100549.371
734,273.4,81487538.186
735,273.5,102691034.705
736,273.6,131123337.116
737,273.7,165736411.996
738,273.8,203608291.854
739,273.9,240593316.98
740,274.0,272081598.343
741,274.1,294065600.635
742,274.2,304176333.138
743,274.3,302064385.315
744,274.4,288954176.633
745,274.5,267093444.23
746,274.6,239150145.206
747,274.7,208161000.382
748,274.8,176767289.81
749,274.9,147400000.001
750,275.0,122100000.001
751,275.1,101800000.001
752,275.2,86731270.729
753,275.3,76130808.934
754,275.4,68893337.58
755,275.5,63878192.125
756,275.6,60212926.649
757,275.7,57344417.975
758,275.8,55044904.955
759,275.9,53256130.712
760,276.0,51987492.448
761,276.1,51209578.3
762,276.2,50816531.246
763,276.3,50688691.751
764,276.4,50654442.872
765,276.5,50608173.275
766,276.6,50471037.418
767,276.7,50159703.932
768,276.8,49502453.103
769,276.9,48245305.476
770,277.0,46158208.144
771,277.1,43163280.104
772,277.2,39501203.832
773,277.3,35822703.174
774,277.4,33100000.0
775,277.5,32390000.0
776,277.6,34590000.0
777,277.7,40174177.462
778,277.8,49153816.751
779,277.9,61253222.447
780,278.0,76185044.401
781,278.1,93943408.467
782,278.2,114778927.768
783,278.3,138904861.037
784,278.4,165879235.058
785,278.5,193646963.616
786,278.6,218918375.257
787,278.7,237170276.011
788,278.8,244135276.446
789,278.9,237326906.306
790,279.0,216894147.386
791,279.1,185868180.632
792,279.2,149069183.817
793,279.3,111784475.487
794,279.4,78395013.992
795,279.5,51554114.696
796,279.6,32087663.188
797,279.7,19486997.26
798,279.8,12520966.831
799,279.9,9803000.0
800,280.0,10130000.0
801,280.1,12590000.0
802,280.2,16475250.891
803,280.3,21220281.849
804,280.4,26369703.425
805,280.5,31498558.31
806,280.6,36301649.951
807,280.7,40544595.246
808,280.8,44101562.15
809,280.9,47027701.485
810,281.0,49756642.822
811,281.1,53416718.747
812,281.2,60278750.848
813,281.3,74177446.641
814,281.4,100555769.472
815,281.5,146206513.925
816,281.6,217789269.013
817,281.7,319896639.056
818,281.8,452241997.832
819,281.9,607224143.965
820,282.0,769310418.872
821,282.1,916728587.789
822,282.2,1027688354.916
823,282.3,1084530765.579
824,282.4,1085000000.001
825,282.5,1045000000.002
826,282.6,997700000.002
827,282.7,993607554.676
828,282.8,1092216899.717
829,282.9,1352609905.525
830,283.0,1820510868.123
831,283.1,2511571162.906
832,283.2,3399406938.198
833,283.3,4408263890.495
834,283.4,5420483514.332
835,283.5,6294011058.813
836,283.6,6906072242.841
837,283.7,7177142302.574
838,283.8,7097859012.914
839,283.9,6725508886.28
840,284.0,6160311944.091
841,284.1,5515704169.352
842,284.2,4888401505.865
843,284.3,4342421874.78
844,284.4,3910510593.049
845,284.5,3602284940.649
846,284.6,3409991918.494
847,284.7,3315189493.044
848,284.8,3287540728.433
849,284.9,3287000000.0
850,285.0,3268000000.002
851,285.1,3195000000.005
852,285.2,3048018409.952
853,285.3,2836804488.792
854,285.4,2595686118.012
855,285.5,2373423629.039
856,285.6,2216975548.629
857,285.7,2163178147.51
858,285.8,2227553639.41
859,285.9,2401683367.768
860,286.0,2663111050.927
861,286.1,2977691777.402
862,286.2,3307847409.723
863,286.3,3619446005.493
864,286.4,3883731005.429
865,286.5,4077823866.605
866,286.6,4180598601.46
867,286.7,4175856533.042
868,286.8,4055051403.573
869,286.9,3819000052.695
870,287.0,3482251730.854
871,287.1,3071719719.884
872,287.2,2625149535.102
873,287.3,2180840948.229
874,287.4,1775000000.019
875,287.5,1432000000.015
876,287.6,1165000000.011
877,287.7,972318577.04
878,287.8,842571179.506
879,287.9,757784720.337
880,288.0,698329581.728
881,288.1,646885000.068
882,288.2,591756655.31
883,288.3,527980942.163
884,288.4,456355568.164
885,288.5,382070158.722
886,288.6,311580108.847
887,288.7,250889849.748
888,288.8,203790332.014
889,288.9,171908832.199
890,289.0,155454053.198
891,289.1,154004523.091
892,289.2,166865863.696
893,289.3,193239362.83
894,289.4,231633920.247
895,289.5,278702139.062
896,289.6,328900949.752
897,289.7,374947359.721
898,289.8,408520368.31
899,289.9,422700000.0
900,290.0,414100000.001
901,290.1,383300000.002
902,290.2,335346955.562
903,290.3,278099938.221
904,290.4,219824122.674
905,290.5,167480205.217
906,290.6,125524174.033
907,290.7,95049582.627
908,290.8,75118708.57
909,290.9,63292853.495
910,291.0,56798621.506
911,291.1,53439154.994
912,291.2,52069651.748
913,291.3,52785878.141
914,291.4,56722717.443
915,291.5,65659784.713
916,291.6,81326032.594
917,291.7,104583521.14
918,291.8,134874255.442
919,291.9,169650861.146
920,292.0,204776359.792
921,292.1,235251579.145
922,292.2,256932904.994
923,292.3,267374131.205
924,292.4,267300000.0
925,292.5,260600000.0
926,292.6,253300000.0
927,292.7,252124447.284
928,292.8,262479388.81
929,292.9,287628995.744
930,293.0,327000638.531
931,293.1,377083001.339
932,293.2,431173089.198
933,293.3,480957707.766
934,293.4,517815708.616
935,293.5,534501776.42
936,293.6,526968513.655
937,293.7,495016240.918
938,293.8,442663534.303
939,293.9,377058762.736
940,294.0,306673988.564
941,294.1,239407214.465
942,294.2,181256466.01
943,294.3,135193736.604
944,294.4,102068285.91
945,294.5,80853752.392
946,294.6,69860890.438
947,294.7,67413445.534
948,294.8,72039675.211
949,294.9,82379999.999
950,295.0,96849999.999
951,295.1,113399999.999
952,295.2,129396086.651
953,295.3,142161117.382
954,295.4,149429648.185
955,295.5,149960417.701
956,295.6,144068341.55
957,295.7,133504532.97
958,295.8,121241474.443
959,295.9,110995603.845
960,296.0,106711009.979
961,296.1,111775319.883
962,296.2,129609437.682
963,296.3,162955928.891
964,296.4,214245675.861
965,296.5,285612963.445
966,296.6,377794356.443
967,296.7,489612499.942
968,296.8,616519270.083
969,296.9,750369744.351
970,297.0,879528224.891
971,297.1,990796159.867
972,297.2,1074473185.546
973,297.3,1123884038.293
974,297.4,1142000000.0
975,297.5,1137000000.001
976,297.6,1123000000.001
977,297.7,1111382786.926
978,297.8,1113925712.53
979,297.9,1132002131.427
980,298.0,1165656174.102
981,298.1,1209460885.632
982,298.2,1258853334.407
983,298.3,1307379955.885
984,298.4,1351127667.636
985,298.5,1383015241.573
986,298.6,1396896150.677
987,298.7,1386415401.213
988,298.8,1344778882.039
989,298.9,1269148477.429
990,299.0,1162306314.882
991,299.1,1030331773.069
992,299.2,883281424.862
993,299.3,733207312.761
994,299.4,591797870.617
995,299.5,467948560.757
996,299.6,366757453.743
997,299.7,289386041.755
998,299.8,233724503.624
999,299.9,195600000.002
1000,300.0,170200000.001
1001,300.1,152900000.001
1002,300.2,140130040.755
1003,300.3,129024215.615
1004,300.4,118360024.672
1005,300.5,107514071.472
1006,300.6,96674581.087
1007,300.7,86657545.769
1008,300.8,78618126.625
1009,300.9,73774817.854
1010,301.0,73245567.135
1011,301.1,77814936.542
1012,301.2,87879440.307
1013,301.3,103534546.309
1014,301.4,124553659.235
1015,301.5,150688313.988
1016,301.6,181502482.831
1017,301.7,215835417.982
1018,301.8,252104878.964
1019,301.9,287673887.491
1020,302.0,318993844.051
1021,302.1,342153779.527
1022,302.2,353927197.996
1023,302.3,352731910.157
1024,302.4,339000000.001
1025,302.5,315100000.002
1026,302.6,285100000.002
1027,302.7,253467786.546
1028,302.8,223563594.169
1029,302.9,197729151.11
1030,303.0,176772261.594
1031,303.1,160062764.224
1032,303.2,146624577.009
1033,303.3,135276080.019
1034,303.4,125303887.898
1035,303.5,116092653.547
1036,303.6,107597993.433
1037,303.7,99683130.04
1038,303.8,92071419.583
1039,303.9,84642955.339
1040,304.0,77177110.782
1041,304.1,69609744.615
1042,304.2,62032057.17
1043,304.3,54695312.305
1044,304.4,48003908.567
1045,304.5,42372385.568
1046,304.6,38213278.623
1047,304.7,35865723.702
1048,304.8,35538587.371
1049,304.9,37280000.0
1050,305.0,40980000.0
1051,305.1,46280000.0
1052,305.2,52609699.643
1053,305.3,59230663.48
1054,305.4,65304170.89
1055,305.5,70127228.673
1056,305.6,73249156.899
1057,305.7,74649839.098
1058,305.8,74834935.801
1059,305.9,74723484.462
1060,306.0,75521462.806
1061,306.1,78469613.578
1062,306.2,84541562.34
1063,306.3,94299853.596
1064,306.4,107805750.502
1065,306.5,124797497.456
1066,306.6,144963274.615
1067,306.7,168143866.307
1068,306.8,194494920.519
1069,306.9,224542356.943
1070,307.0,258232451.607
1071,307.1,295366178.35
1072,307.2,334469671.17
1073,307.3,373085528.731
1074,307.4,407999999.998
1075,307.5,435799999.999
1076,307.6,453299999.999
1077,307.7,458671982.471
1078,307.8,451664709.914
1079,307.9,433839210.532
1080,308.0,409130644.187
1081,308.1,382482757.69
1082,308.2,359549646.227
1083,308.3,345183112.297
1084,308.4,341778527.87
1085,308.5,349019490.4
1086,308.6,363332519.289
1087,308.7,378626576.813
1088,308.8,388151532.92
1089,308.9,386167207.131
1090,309.0,369433055.761
1091,309.1,338323797.866
1092,309.2,296014226.894
1093,309.3,247808921.463
1094,309.4,199664058.956
1095,309.5,156494300.501
1096,309.6,121853070.544
1097,309.7,97117351.583
1098,309.8,82344855.234
1099,309.9,76430000.0
1100,310.0,77680000.0
1101,310.1,84129999.999
1102,310.2,93733781.511
1103,310.3,104469279.164
1104,310.4,114454355.977
1105,310.5,122416328.679
1106,310.6,128355736.91
1107,310.7,133534564.191
1108,310.8,141689496.195
1109,310.9,158979305.549
1110,311.0,193783671.506
1111,311.1,256822049.468
1112,311.2,359097891.957
1113,311.3,509982827.932
1114,311.4,713914652.383
1115,311.5,968069608.844
1116,311.6,1258275621.97
1117,311.7,1560662172.203
1118,311.8,1842531616.179
1119,311.9,2070532097.789
1120,312.0,2215757592.696
1121,312.1,2259801023.075
1122,312.2,2200990221.566
1123,312.3,2056281399.97
1124,312.4,1851000000.014
1125,312.5,1618000000.015
1126,312.6,1388000000.014
1127,312.7,1182008027.229
1128,312.8,1013945511.055
1129,312.9,884463315.086
1130,313.0,791090634.994
1131,313.1,727179103.474
1132,313.2,686386499.907
1133,313.3,662269579.613
1134,313.4,649014298.342
1135,313.5,640320704.045
1136,313.6,629261954.212
1137,313.7,609415725.428
1138,313.8,575963684.171
1139,313.9,526963142.399
1140,314.0,464274637.374
1141,314.1,392743766.048
1142,314.2,318829046.082
1143,314.3,249095191.549
1144,314.4,188659212.235
1145,314.5,140565823.004
1146,314.6,105255336.726
1147,314.7,81644484.986
1148,314.8,67593785.101
1149,314.9,60680000.0
1150,315.0,58730000.0
1151,315.1,60100000.0
1152,315.2,63738011.287
1153,315.3,69170926.804
1154,315.4,76386259.016
1155,315.5,85690517.641
1156,315.6,97458923.331
1157,315.7,111968998.943
1158,315.8,129202599.494
1159,315.9,148249946.863
1160,316.0,167966682.603
1161,316.1,186588887.258
1162,316.2,202289193.457
1163,316.3,213684409.3
1164,316.4,219642014.886
1165,316.5,219894375.992
1166,316.6,214879972.556
1167,316.7,204990134.994
1168,316.8,191124194.99
1169,316.9,173964226.8
1170,317.0,154276904.632
1171,317.1,132810081.533
1172,317.2,110704827.482
1173,317.3,89003528.322
1174,317.4,68860000.001
1175,317.5,51240000.001
1176,317.6,36800000.001
1177,317.7,25806310.213
1178,317.8,18192987.972
1179,317.9,13665399.662
1180,318.0,11906019.942
1181,318.1,12682090.214
1182,318.2,15924425.174
1183,318.3,21733661.339
1184,318.4,30299813.792
1185,318.5,41709385.499
1186,318.6,55733876.633
1187,318.7,71669395.597
1188,318.8,88268934.555
1189,318.9,103796617.917
1190,319.0,116487035.87
1191,319.1,124701729.624
1192,319.2,127368548.905
1193,319.3,124723457.481
1194,319.4,117598595.136
1195,319.5,108023305.377
1196,319.6,98042095.698
1197,319.7,89701585.555
1198,319.8,84374394.473
1199,319.9,82450000.0
1200,320.0,83360000.0
1201,320.1,85780000.0
1202,320.2,88042353.417
1203,320.3,88615973.945
1204,320.4,86469790.693
1205,320.5,81382971.706
1206,320.6,73917173.092
1207,320.7,65294038.212
1208,320.8,57131310.623
1209,320.9,51096875.663
1210,321.0,48620257.712
1211,321.1,50686386.232
1212,321.2,57709527.45
1213,321.3,69475625.208
1214,321.4,85254127.334
1215,321.5,103800600.715
1216,321.6,123816881.709
1217,321.7,143875769.656
1218,321.8,162749225.223
1219,321.9,179979204.416
1220,322.0,195322694.054
1221,322.1,209300682.226
1222,322.2,222807647.784
1223,322.3,237674198.7
1224,322.4,255699999.999
1225,322.5,279599999.998
1226,322.6,312199999.997
1227,322.7,356786054.899
1228,322.8,416162725.983
1229,322.9,492205784.717
1230,323.0,585304707.827
1231,323.1,693015210.215
1232,323.2,810230805.199
1233,323.3,929107446.378
1234,323.4,1039506560.017
1235,323.5,1130515141.755
1236,323.6,1192920669.399
1237,323.7,1219809640.297
1238,323.8,1208452524.149
1239,323.9,1161548070.466
1240,324.0,1083962692.99
1241,324.1,984235782.236
1242,324.2,873134279.78
1243,324.3,760231438.279
1244,324.4,654470185.953
1245,324.5,562455587.634
1246,324.6,488183923.527
1247,324.7,432744233.125
1248,324.8,394750377.42
1249,324.9,371000000.001
1250,325.0,357000000.001
1251,325.1,348200000.001
1252,325.2,340605648.897
1253,325.3,331463095.996
1254,325.4,319485691.727
1255,325.5,305052775.777
1256,325.6,289366635.554
1257,325.7,274337876.716
1258,325.8,261249768.137
1259,325.9,250636005.29
1260,326.0,241890431.057
1261,326.1,233814251.761
1262,326.2,224468944.232
1263,326.3,212597606.613
1264,326.4,197596699.689
1265,326.5,180040465.066
1266,326.6,161278414.042
1267,326.7,143335425.874
1268,326.8,127988704.796
1269,326.9,116564706.51
1270,327.0,109422390.062
1271,327.1,106387762.424
1272,327.2,106543935.219
1273,327.3,108976150.672
1274,327.4,112600000.0
1275,327.5,116800000.0
1276,327.6,120800000.0
1277,327.7,124434320.653
1278,327.8,127361493.3
1279,327.9,129582704.139
1280,328.0,131028920.371
1281,328.1,131819388.754
1282,328.2,132153843.815
1283,328.3,132217029.875
1284,328.4,132134310.073
1285,328.5,131676019.596
1286,328.6,130454395.694
1287,328.7,127716538.15
1288,328.8,122845055.099
1289,328.9,115237241.015
1290,329.0,104843788.45
1291,329.1,92092380.685
1292,329.2,77794550.432
1293,329.3,63012405.864
1294,329.4,48844649.099
1295,329.5,36199021.183
1296,329.6,25660754.35
1297,329.7,17443888.811
1298,329.8,11498946.66
1299,329.9,7555000.0
1300,330.0,5271000.0
1301,330.1,4305000.0
1302,330.2,4364213.365
1303,330.3,5224797.453
1304,330.4,6711244.859
1305,330.5,8679779.193
1306,330.6,11011249.478
1307,330.7,13611864.349
1308,330.8,16410573.23
1309,330.9,19436110.38
1310,331.0,22823144.484
1311,331.1,26820225.855
1312,331.2,31816284.675
1313,331.3,38323126.35
1314,331.4,46884932.827
1315,331.5,58039015.091
1316,331.6,72174527.269
1317,331.7,89387709.622
1318,331.8,109451192.061
1319,331.9,131449269.929
1320,332.0,154423813.684
1321,332.1,176749344.441
1322,332.2,196949215.35
1323,332.3,213740808.968
1324,332.4,226399999.999
1325,332.5,234700000.0
1326,332.6,239100000.0
1327,332.7,240647108.912
1328,332.8,240202889.66
1329,332.9,238902749.605
1330,333.0,237431089.712
1331,333.1,236639295.826
1332,333.2,237257453.236
1333,333.3,240049717.978
1334,333.4,246302225.851
1335,333.5,257220524.873
1336,333.6,274198958.207
1337,333.7,298261678.363
1338,333.8,330213467.334
1339,333.9,370450722.771
1340,334.0,419186193.537
1341,334.1,476526093.85
1342,334.2,542493912.76
1343,334.3,617202782.838
1344,334.4,699594263.658
1345,334.5,787082206.664
1346,334.6,874697120.313
1347,334.7,954911324.478
1348,334.8,1018896412.272
1349,334.9,1056999999.998
1350,335.0,1064000000.001
1351,335.1,1036000000.003
1352,335.2,977263127.318
1353,335.3,896701878.704
1354,335.4,806666554.896
1355,335.5,720202551.561
1356,335.6,648705702.004
1357,335.7,598928208.534
1358,335.8,571969407.565
1359,335.9,563813238.876
1360,336.0,566696766.485
1361,336.1,571432441.032
1362,336.2,570112099.27
1363,336.3,558057444.281
1364,336.4,534511004.464
1365,336.5,502697067.661
1366,336.6,468378907.406
1367,336.7,438196160.755
1368,336.8,417438982.247
1369,336.9,408624725.633
1370,337.0,411193652.991
1371,337.1,421620579.016
1372,337.2,434666448.276
1373,337.3,444983083.303
1374,337.4,448700000.0
1375,337.5,444100000.001
1376,337.6,432300000.001
1377,337.7,416679085.423
1378,337.8,401293339.885
1379,337.9,390001006.898
1380,338.0,384919783.225
1381,338.1,386207282.222
1382,338.2,391818589.739
1383,338.3,397970531.843
1384,338.4,400744829.184
1385,338.5,396701451.853
1386,338.6,383796377.875
1387,338.7,361572061.064
1388,338.8,331607249.386
1389,338.9,296404477.826
1390,339.0,258932214.556
1391,339.1,222158938.625
1392,339.2,188206349.094
1393,339.3,158454315.661
1394,339.4,133079864.43
1395,339.5,111729456.409
1396,339.6,93853683.906
1397,339.7,78598375.766
1398,339.8,65334013.293
1399,339.9,53660000.001
1400,340.0,43400000.001
1401,340.1,34500000.001
1402,340.2,26945019.958
1403,340.3,20714291.609
1404,340.4,15710645.203
1405,340.5,11781997.002
1406,340.6,8750367.291
1407,340.7,6432471.471
1408,340.8,4668619.117
1409,340.9,3331642.65
1410,341.0,2326580.946
1411,341.1,1581433.921
1412,341.2,1041816.423
1413,341.3,662380.559
1414,341.4,405312.028
1415,341.5,238095.387
1416,341.6,134062.386
1417,341.7,72228.743
1418,341.8,37208.178
1419,341.9,18334.651
1420,342.0,8644.152
1421,342.1,3938.658
1422,342.2,1846.563
1423,342.3,1194.087
1424,342.4,1642.0
1425,342.5,3633.0
1426,342.6,8711.0
1427,342.7,20369.276
1428,342.8,45653.398
1429,342.9,97797.984
1430,343.0,200300.804
1431,343.1,391949.116
1432,343.2,732903.753
1433,343.3,1310075.279
1434,343.4,2236281.367
1435,343.5,3648853.443
1436,343.6,5690970.9
1437,343.7,8481709.528
1438,343.8,12082666.734
1439,343.9,16456854.637
1440,344.0,21435699.966
1441,344.1,26704253.779
1442,344.2,31838651.338
1443,344.3,36352991.004
1444,344.4,39821661.592
1445,344.5,41934522.676
1446,344.6,42572424.806
1447,344.7,41862516.495
1448,344.8,40166451.035
1449,344.9,37950000.0
1450,345.0,35730000.0
1451,345.1,33960000.0
1452,345.2,32934951.278
1453,345.3,32749058.174
1454,345.4,33340377.617
1455,345.5,34478810.745
1456,345.6,35872115.51
1457,345.7,37192178.939
1458,345.8,38173645.225
1459,345.9,38579602.124
1460,346.0,38262327.111
1461,346.1,37164094.03
1462,346.2,35294164.347
1463,346.3,32752222.129
1464,346.4,29675683.738
1465,346.5,26274776.331
1466,346.6,22800175.601
1467,346.7,19497962.341
1468,346.8,16626196.209
1469,346.9,14385739.274
1470,347.0,12953060.061
1471,347.1,12380997.956
1472,347.2,12658994.192
1473,347.3,13666857.363
1474,347.4,15190000.0
1475,347.5,16960000.0
1476,347.6,18680000.0
1477,347.7,20067022.298
1478,347.8,20917256.406
1479,347.9,21129639.096
1480,348.0,20710285.853
1481,348.1,19781860.344
1482,348.2,18537650.844
1483,348.3,17224032.877
1484,348.4,16072171.047
1485,348.5,15249340.661
1486,348.6,14857902.768
1487,348.7,14905934.952
1488,348.8,15304226.349
1489,348.9,15907797.878
1490,349.0,16552123.643
1491,349.1,17106360.788
1492,349.2,17480652.358
1493,349.3,17719089.304
1494,349.4,18011232.182
1495,349.5,18653539.392
1496,349.6,20066334.269
1497,349.7,22685265.46
1498,349.8,26916630.749
1499,349.9,33019999.999
1500,350.0,41049999.999
1501,350.1,50799999.999
1502,350.2,61785355.741
1503,350.3,73302755.33
1504,350.4,84513631.887
1505,350.5,94579497.819
1506,350.6,102729366.946
1507,350.7,108303188.035
1508,350.8,111125985.856
1509,350.9,110947290.678
1510,351.0,107998086.978
1511,351.1,102548783.524
1512,351.2,95108097.024
1513,351.3,86283618.948
1514,351.4,76711170.805
1515,351.5,67043235.766
1516,351.6,57842268.194
1517,351.7,49530040.236
1518,351.8,42343965.055
1519,351.9,36337836.764
1520,352.0,31390774.671
1521,352.1,27288819.96
1522,352.2,23810956.367
1523,352.3,20782010.71
1524,352.4,18120000.0
1525,352.5,15830000.0
1526,352.6,14040000.0
1527,352.7,12898592.699
1528,352.8,12532050.32
1529,352.9,13043120.067
1530,353.0,14405338.042
1531,353.1,16483788.643
1532,353.2,19033040.251
1533,353.3,21704185.869
1534,353.4,24123269.582
1535,353.5,25912824.806
1536,353.6,26799235.668
1537,353.7,26605371.125
1538,353.8,25333739.354
1539,353.9,23117233.595
1540,354.0,20207980.614
1541,354.1,16921000.624
1542,354.2,13575158.256
1543,354.3,10426604.557
1544,354.4,7668061.459
1545,354.5,5402548.258
1546,354.6,3645406.411
1547,354.7,2355026.584
1548,354.8,1457578.491
1549,354.9,863600.0
1550,355.0,490100.0
1551,355.1,266400.0
1552,355.2,138653.019
1553,355.3,69227.851
1554,355.4,33313.547
1555,355.5,16026.991
1556,355.6,9217.207
1557,355.7,9720.668
1558,355.8,18846.346
1559,355.9,43868.467
1560,356.0,101941.3
1561,356.1,229129.771
1562,356.2,493872.902
1563,356.3,1020160.472
1564,356.4,2021916.547
1565,356.5,3839977.675
1566,356.6,6993950.355
1567,356.7,12206749.346
1568,356.8,20432350.785
1569,356.9,32773653.569
1570,357.0,50404832.759
1571,357.1,74324410.992
1572,357.2,105054707.03
1573,357.3,142344796.793
1574,357.4,184999999.996
1575,357.5,230399999.996
1576,357.6,275199999.996
1577,357.7,315262258.207
1578,357.8,346300394.822
1579,357.9,365188730.278
1580,358.0,369994147.019
1581,358.1,360693188.677
1582,358.2,339469157.525
1583,358.3,310149696.621
1584,358.4,277768351.803
1585,358.5,247436647.91
1586,358.6,223805400.683
1587,358.7,210165707.441
1588,358.8,207923495.106
1589,358.9,216617179.789
1590,359.0,233957663.394
1591,359.1,256195506.182
1592,359.2,279180322.36
1593,359.3,298806358.626
1594,359.4,311703769.247
1595,359.5,316229685.501
1596,359.6,312351159.235
1597,359.7,301824243.919
1598,359.8,287251922.452
1599,359.9,272000000.001
1600,360.0,259100000.001
1601,360.1,250400000.001
1602,360.2,246502984.549
1603,360.3,246297387.354
1604,360.4,247810441.87
1605,360.5,248271632.468
1606,360.6,245062789.462
1607,360.7,236316879.772
1608,360.8,221194295.366
1609,360.9,200123911.179
1610,361.0,174558318.829
1611,361.1,146536072.983
1612,361.2,118285703.522
1613,361.3,91732109.191
1614,361.4,68375990.548
1615,361.5,49104074.695
1616,361.6,34097167.43
1617,361.7,23097925.319
1618,361.8,15553367.641
1619,361.9,10753744.614
1620,362.0,8001183.047
1621,362.1,6669542.458
1622,362.2,6242014.552
1623,362.3,6330185.552
1624,362.4,6661000.0
1625,362.5,7066000.0
1626,362.6,7479000.0
1627,362.7,7921935.281
1628,362.8,8496789.138
1629,362.9,9375426.597
1630,363.0,10769641.499
1631,363.1,12896026.975
1632,363.2,15968545.913
1633,363.3,20090645.204
1634,363.4,25267789.969
1635,363.5,31338201.166
1636,363.6,37977780.366
1637,363.7,44717392.52
1638,363.8,50956701.738
1639,363.9,56066512.931
1640,364.0,59512912.542
1641,364.1,60890987.368
1642,364.2,60047129.312
1643,364.3,57077628.279
1644,364.4,52343401.179
1645,364.5,46376551.474
1646,364.6,39808841.558
1647,364.7,33270783.04
1648,364.8,27290597.25
1649,364.9,22270000.0
1650,365.0,18440000.0
1651,365.1,15870000.0
1652,365.2,14493541.527
1653,365.3,14192633.751
1654,365.4,14764361.337
1655,365.5,15999443.692
1656,365.6,17682926.273
1657,365.7,19588407.569
1658,365.8,21471784.489
1659,365.9,23129129.726
1660,366.0,24337769.054
1661,366.1,24941503.15
1662,366.2,24825918.181
1663,366.3,23947635.134
1664,366.4,22370597.566
1665,366.5,20216891.987
1666,366.6,17654912.482
1667,366.7,14910181.38
1668,366.8,12166332.649
1669,366.9,9602087.404
1670,367.0,7337770.179
1671,367.1,5436497.703
1672,367.2,3914011.497
1673,367.3,2747883.725
1674,367.4,1887000.0
1675,367.5,1275000.0
1676,367.6,851600.0
1677,367.7,565517.103
1678,367.8,375814.928
1679,367.9,251978.017
1680,368.0,173024.978
1681,368.1,124681.795
1682,368.2,97781.859
1683,368.3,86382.091
1684,368.4,86302.356
1685,368.5,94361.088
1686,368.6,107949.538
1687,368.7,124807.329
1688,368.8,143247.424
1689,368.9,162576.742
1690,369.0,183785.854
1691,369.1,210415.815
1692,369.2,249507.534
1693,369.3,312796.016
1694,369.4,417209.966
1695,369.5,584969.448
1696,369.6,842350.311
1697,369.7,1216992.33
1698,369.8,1735536.065
1699,369.9,2413000.0
1700,370.0,3250000.0
1701,370.1,4228000.0
1702,370.2,5299567.998
1703,370.3,6395224.189
1704,370.4,7426499.758
1705,370.5,8298059.699
1706,370.6,8922592.191
1707,370.7,9238003.936
1708,370.8,9221057.532
1709,370.9,8891508.775
1710,371.0,8312892.584
1711,371.1,7581836.722
1712,371.2,6816160.816
1713,371.3,6132526.585
1714,371.4,5631446.308
1715,371.5,5383334.751
1716,371.6,5418063.836
1717,371.7,5724777.277
1718,371.8,6251782.291
1719,371.9,6916771.429
1720,372.0,7623097.926
1721,372.1,8266106.428
1722,372.2,8757917.056
1723,372.3,9032913.303
1724,372.4,9061000.0
1725,372.5,8852000.0
1726,372.6,8453000.0
1727,372.7,7946404.255
1728,372.8,7442443.702
1729,372.9,7075394.672
1730,373.0,6996316.77
1731,373.1,7374271.565
1732,373.2,8382306.591
1733,373.3,10190362.542
1734,373.4,12942505.31
1735,373.5,16732130.132
1736,373.6,21567886.941
1737,373.7,27335272.506
1738,373.8,33776140.501
1739,373.9,40522785.37
1740,374.0,47089656.527
1741,374.1,52959632.838
1742,374.2,57649230.567
1743,374.3,60818329.583
1744,374.4,62358248.279
1745,374.5,62438882.741
1746,374.6,61577548.028
1747,374.7,60595140.979
1748,374.8,60579443.884
1749,374.9,62820000.0
1750,375.0,68639999.999
1751,375.1,79279999.999
1752,375.2,95691166.636
1753,375.3,118340770.941
1754,375.4,146993027.629
1755,375.5,180769925.165
1756,375.6,217608152.5
1757,375.7,254963591.21
1758,375.8,289652570.307
1759,375.9,318562510.576
1760,376.0,338578298.69
1761,376.1,347589009.003
1762,376.2,344569928.978
1763,376.3,329837895.139
1764,376.4,304846226.303
1765,376.5,272081054.996
1766,376.6,234674288.181
1767,376.7,195612964.67
1768,376.8,157704049.201
1769,376.9,123096820.397
1770,377.0,93108845.709
1771,377.1,68348396.753
1772,377.2,48786436.402
1773,377.3,33933378.75
1774,377.4,23060000.001
1775,377.5,15360000.001
1776,377.6,10080000.0
1777,377.7,6570434.96
1778,377.8,4304521.342
1779,377.9,2899098.003
1780,378.0,2078182.206
1781,378.1,1646568.982
1782,378.2,1469658.066
1783,378.3,1455008.456
1784,378.4,1532676.226
1785,378.5,1652186.557
1786,378.6,1775978.821
1787,378.7,1874779.906
1788,378.8,1931721.407
1789,378.9,1939382.841
1790,379.0,1902036.129
1791,379.1,1835995.865
1792,379.2,1765981.734
1793,379.3,1724942.651
1794,379.4,1751868.163
1795,379.5,1886833.441
1796,379.6,2164810.584
1797,379.7,2611409.304
1798,379.8,3238658.711
1799,379.9,4034000.0
1800,380.0,4965000.0
1801,380.1,5971000.0
1802,380.2,6972307.312
1803,380.3,7876368.583
1804,380.4,8591931.26
1805,380.5,9040182.067
1806,380.6,9168915.962
1807,380.7,8962055.891
1808,380.8,8440062.369
1809,380.9,7658618.394
1810,381.0,6695579.116
1811,381.1,5638484.301
1812,381.2,4574164.909
1813,381.3,3575519.859
1814,381.4,2691921.804
1815,381.5,1952961.633
1816,381.6,1365099.35
1817,381.7,918754.327
1818,381.8,595752.996
1819,381.9,372237.075
1820,382.0,224029.169
1821,382.1,129926.248
1822,382.2,72576.776
1823,382.3,39068.117
1824,382.4,20260.0
1825,382.5,10130.0
1826,382.6,4881.0
1827,382.7,2268.272
1828,382.8,1018.503
1829,382.9,442.844
1830,383.0,191.154
1831,383.1,90.934
1832,383.2,67.018
1833,383.3,96.035
1834,383.4,188.963
1835,383.5,389.969
1836,383.6,790.106
1837,383.7,1547.837
1838,383.8,2929.33
1839,383.9,5356.262
1840,384.0,9450.707
1841,384.1,16124.035
1842,384.2,26570.222
1843,384.3,42316.548
1844,384.4,65169.344
1845,384.5,97055.839
1846,384.6,139971.122
1847,384.7,195241.078
1848,384.8,263990.688
1849,384.9,345800.0
1850,385.0,439400.0
1851,385.1,542000.0
1852,385.2,649654.469
1853,385.3,757443.626
1854,385.4,860518.62
1855,385.5,954465.466
1856,385.6,1036405.744
1857,385.7,1104996.075
1858,385.8,1160803.531
1859,385.9,1208516.66
1860,386.0,1250317.583
1861,386.1,1292276.01
1862,386.2,1338939.413
1863,386.3,1390192.373
1864,386.4,1447673.958
1865,386.5,1508146.42
1866,386.6,1567199.221
1867,386.7,1619906.251
1868,386.8,1664217.148
1869,386.9,1701148.918
1870,387.0,1736213.289
1871,387.1,1781455.132
1872,387.2,1852594.993
1873,387.3,1972510.032
1874,387.4,2162000.0
1875,387.5,2440000.0
1876,387.6,2816000.0
1877,387.7,3290503.056
1878,387.8,3846576.736
1879,387.9,4454809.464
1880,388.0,5070225.18
1881,388.1,5640989.828
1882,388.2,6115527.456
1883,388.3,6452981.129
1884,388.4,6631762.653
1885,388.5,6660390.722
1886,388.6,6581477.362
1887,388.7,6470861.477
1888,388.8,6438271.767
1889,388.9,6615983.127
1890,389.0,7147226.357
1891,389.1,8169105.134
1892,389.2,9793467.133
1893,389.3,12089092.036
1894,389.4,15052362.118
1895,389.5,18609955.694
1896,389.6,22600052.865
1897,389.7,26782572.565
1898,389.8,30851934.575
1899,389.9,34490000.0
1900,390.0,37430000.0
1901,390.1,39440000.0
1902,390.2,40444870.599
1903,390.3,40472753.683
1904,390.4,39689503.26
1905,390.5,38353900.898
1906,390.6,36781320.624
1907,390.7,35268603.043
1908,390.8,34061795.967
1909,390.9,33300908.845
1910,391.0,33008167.578
1911,391.1,33103290.545
1912,391.2,33404469.957
1913,391.3,33709858.887
1914,391.4,33816644.801
1915,391.5,33532914.366
1916,391.6,32741417.995
1917,391.7,31418118.959
1918,391.8,29587755.412
1919,391.9,27330270.389
1920,392.0,24790581.545
1921,392.1,22094817.286
1922,392.2,19394758.499
1923,392.3,16817940.792
1924,392.4,14440000.0
1925,392.5,12330000.0
1926,392.6,10500000.0
1927,392.7,8943407.777
1928,392.8,7642081.05
1929,392.9,6550156.021
1930,393.0,5622542.5
1931,393.1,4818319.032
1932,393.2,4105032.416
1933,393.3,3461465.695
1934,393.4,2878182.235
1935,393.5,2355602.516
1936,393.6,1897845.552
1937,393.7,1511446.619
1938,393.8,1205175.999
1939,393.9,981425.216
1940,394.0,840491.683
1941,394.1,779819.009
1942,394.2,793400.803
1943,394.3,874019.602
1944,394.4,1014184.868
1945,394.5,1210334.931
1946,394.6,1460679.363
1947,394.7,1776160.724
1948,394.8,2177837.061
1949,394.9,2703000.0
1950,395.0,3412000.0
1951,395.1,4386000.0
1952,395.2,5725924.153
1953,395.3,7554299.575
1954,395.4,9995519.402
1955,395.5,13166994.394
1956,395.6,17158062.823
1957,395.7,22015809.737
1958,395.8,27699384.05
1959,395.9,34104061.747
1960,396.0,41004353.317
1961,396.1,48120383.44
1962,396.2,55099268.615
1963,396.3,61563386.517
1964,396.4,67123657.981
1965,396.5,71463610.891
1966,396.6,74327695.196
1967,396.7,75549422.788
1968,396.8,75107818.593
1969,396.9,73075667.745
1970,397.0,69610104.327
1971,397.1,65008995.295
1972,397.2,59591729.726
1973,397.3,53759751.118
1974,397.4,47930000.001
1975,397.5,42490000.001
1976,397.6,37770000.0
1977,397.7,34058162.522
1978,397.8,31475176.715
1979,397.9,30069415.662
1980,398.0,29745536.503
1981,398.1,30324313.255
1982,398.2,31535884.675
1983,398.3,33111493.843
1984,398.4,34757008.648
1985,398.5,36237557.482
1986,398.6,37352319.59
1987,398.7,37973230.919
1988,398.8,38049781.244
1989,398.9,37568796.617
1990,399.0,36538801.399
1991,399.1,35040448.623
1992,399.2,33137196.061
1993,399.3,30925728.642
1994,399.4,28518059.245
1995,399.5,25997356.463
1996,399.6,23483131.15
1997,399.7,21064878.305
1998,399.8,18787489.057
1999,399.9,16710000.0
2000,400.0,14840000.0
2001,400.1,13160000.0
2002,400.2,11656273.912
2003,400.3,10288804.299
2004,400.4,9034679.616
2005,400.5,7868331.429
2006,400.6,6783424.107
2007,400.7,5779616.788
2008,400.8,4864648.534
2009,400.9,4049059.514
2010,401.0,3339432.025
2011,401.1,2740868.21
2012,401.2,2252381.614
2013,401.3,1868767.476
2014,401.4,1582907.116
2015,401.5,1385631.913
2016,401.6,1271116.239
2017,401.7,1232484.564
2018,401.8,1266573.292
2019,401.9,1372627.302
2020,402.0,1545500.25
2021,402.1,1783980.809
2022,402.2,2080537.195
2023,402.3,2425269.741
2024,402.4,2807000.0
2025,402.5,3210000.0
2026,402.6,3619000.0
2027,402.7,4023959.273
2028,402.8,4415553.468
2029,402.9,4795190.508
2030,403.0,5170320.552
2031,403.1,5555705.488
2032,403.2,5969114.992
2033,403.3,6426309.092
2034,403.4,6935653.678
2035,403.5,7497143.341
2036,403.6,8098132.716
2037,403.7,8716136.616
2038,403.8,9320778.704
2039,403.9,9876188.903
2040,404.0,10366602.897
2041,404.1,10767954.629
2042,404.2,11082315.814
2043,404.3,11307704.496
2044,404.4,11464537.63
2045,404.5,11573257.339
2046,404.6,11641578.096
2047,404.7,11668445.337
2048,404.8,11680113.737
2049,404.9,11660000.0
2050,405.0,11600000.0
2051,405.1,11510000.0
2052,405.2,11375084.605
2053,405.3,11212470.398
2054,405.4,11018222.134
2055,405.5,10793696.66
2056,405.6,10548530.001
2057,405.7,10276436.52
2058,405.8,9973923.741
2059,405.9,9621737.561
2060,406.0,9220734.58
2061,406.1,8761023.478
2062,406.2,8242224.546
2063,406.3,7665986.955
2064,406.4,7041977.223
2065,406.5,6383144.079
2066,406.6,5704235.539
2067,406.7,5020576.681
2068,406.8,4348882.493
2069,406.9,3703731.501
2070,407.0,3097609.439
2071,407.1,2540673.489
2072,407.2,2041548.355
2073,407.3,1604235.023
2074,407.4,1231000.0
2075,407.5,921700.0
2076,407.6,672500.0
2077,407.7,477775.235
2078,407.8,330263.891
2079,407.9,222414.713
2080,408.0,146398.157
2081,408.1,95246.844
2082,408.2,63013.423
2083,408.3,45314.293
2084,408.4,38945.199
2085,408.5,42066.078
2086,408.6,53935.642
2087,408.7,74586.19
2088,408.8,104547.062
2089,408.9,144357.883
2090,409.0,194219.748
2091,409.1,253662.844
2092,409.2,321414.363
2093,409.3,394859.405
2094,409.4,470547.504
2095,409.5,544398.847
2096,409.6,612507.797
2097,409.7,671228.151
2098,409.8,718859.884
2099,409.9,755500.0
2100,410.0,783700.0
2101,410.1,808200.0
2102,410.2,835095.021
2103,410.3,871208.526
2104,410.4,922504.224
2105,410.5,992385.862
2106,410.6,1081342.441
2107,410.7,1186866.043
2108,410.8,1300489.811
2109,410.9,1412813.712
2110,411.0,1513314.441
2111,411.1,1592008.67
2112,411.2,1640045.961
2113,411.3,1655836.048
2114,411.4,1641130.957
2115,411.5,1602447.916
2116,411.6,1552784.648
2117,411.7,1506898.344
2118,411.8,1478983.089
2119,411.9,1481104.981
2120,412.0,1521974.739
2121,412.1,1602481.47
2122,412.2,1717887.396
2123,412.3,1857387.144
2124,412.4,2003000.0
2125,412.5,2135000.0
2126,412.6,2235000.0
2127,412.7,2287682.947
2128,412.8,2280505.839
2129,412.9,2211009.692
2130,413.0,2080425.149
2131,413.1,1899437.045
2132,413.2,1681487.55
2133,413.3,1442204.453
2134,413.4,1199709.607
2135,413.5,966645.112
2136,413.6,754359.029
2137,413.7,570620.08
2138,413.8,418214.874
2139,413.9,297176.681
2140,414.0,204877.949
2141,414.1,137631.718
2142,414.2,91103.182
2143,414.3,61443.77
2144,414.4,45940.74
2145,414.5,43411.292
2146,414.6,54859.754
2147,414.7,83947.575
2148,414.8,137597.797
2149,414.9,226700.0
2150,415.0,366400.0
2151,415.1,576600.0
2152,415.2,881227.053
2153,415.3,1306883.849
2154,415.4,1882090.539
2155,415.5,2629264.136
2156,415.6,3565738.494
2157,415.7,4694688.023
2158,415.8,6004184.583
2159,415.9,7460738.317
2160,416.0,9011038.823
2161,416.1,10586934.471
2162,416.2,12107427.596
2163,416.3,13488373.919
2164,416.4,14644046.849
2165,416.5,15524699.61
2166,416.6,16080627.692
2167,416.7,16298918.854
2168,416.8,16185568.482
2169,416.9,15767431.809
2170,417.0,15076125.726
2171,417.1,14171543.548
2172,417.2,13104395.239
2173,417.3,11913305.754
2174,417.4,10660000.0
2175,417.5,9370000.0
2176,417.6,8095000.0
2177,417.7,6865053.463
2178,417.8,5714239.889
2179,417.9,4666615.198
2180,418.0,3740259.326
2181,418.1,2946998.435
2182,418.2,2287078.38
2183,418.3,1756827.243
2184,418.4,1343382.965
2185,418.5,1031002.635
2186,418.6,801202.313
2187,418.7,636069.196
2188,418.8,520113.493
2189,418.9,441001.711
2190,419.0,390112.938
2191,419.1,363231.79
2192,419.2,359113.239
2193,419.3,379392.201
2194,419.4,427281.857
2195,419.5,506446.193
2196,419.6,619641.765
2197,419.7,767973.407
2198,419.8,949737.692
2199,419.9,1160000.0
2200,420.0,1390000.0
2201,420.1,1630000.0
2202,420.2,1863813.642
2203,420.3,2080480.704
2204,420.4,2266079.197
2205,420.5,2410054.725
2206,420.6,2506449.701
2207,420.7,2553915.384
2208,420.8,2553169.473
2209,420.9,2511684.371
2210,421.0,2436108.908
2211,421.1,2335557.531
2212,421.2,2219099.17
2213,421.3,2093819.79
2214,421.4,1965919.018
2215,421.5,1840013.506
2216,421.6,1719053.775
2217,421.7,1605267.39
2218,421.8,1501327.549
2219,421.9,1406695.323
2220,422.0,1323200.817
2221,422.1,1251938.935
2222,422.2,1191421.58
2223,422.3,1142368.199
2224,422.4,1103000.0
2225,422.5,1076000.0
2226,422.6,1061000.0
2227,422.7,1058288.146
2228,422.8,1068707.687
2229,422.9,1094381.477
2230,423.0,1135396.373
2231,423.1,1191437.769
2232,423.2,1263291.428
2233,423.3,1352999.511
2234,423.4,1465696.609
2235,423.5,1610679.941
2236,423.6,1808597.957
2237,423.7,2094509.5
2238,423.8,2521489.234
2239,423.9,3169852.237
2240,424.0,4151124.993
2241,424.1,5607736.869
2242,424.2,7709818.106
2243,424.3,10655475.436
2244,424.4,14618577.79
2245,424.5,19783089.706
2246,424.6,26240514.905
2247,424.7,34005126.723
2248,424.8,42949913.056
2249,424.9,52799999.999
2250,425.0,63119999.999
2251,425.1,73359999.999
2252,425.2,82857665.476
2253,425.3,90971869.24
2254,425.4,97079471.72
2255,425.5,100735340.437
2256,425.6,101770878.522
2257,425.7,100024081.116
2258,425.8,95963261.294
2259,425.9,89888787.45
2260,426.0,82497377.953
2261,426.1,74496033.403
2262,426.2,66617956.114
2263,426.3,59512677.331
2264,426.4,53739620.969
2265,426.5,49706306.61
2266,426.6,47656142.558
2267,426.7,47638988.443
2268,426.8,49566607.378
2269,426.9,53179342.925
2270,427.0,58070910.534
2271,427.1,63741541.975
2272,427.2,69623400.072
2273,427.3,75122207.928
2274,427.4,79709999.999
2275,427.5,82960000.0
2276,427.6,84620000.0
2277,427.7,84618173.525
2278,427.8,83121495.654
2279,427.9,80467987.087
2280,428.0,77135373.171
2281,428.1,73674032.402
2282,428.2,70610292.037
2283,428.3,68382232.75
2284,428.4,67290460.671
2285,428.5,67410149.106
2286,428.6,68649702.451
2287,428.7,70761823.871
2288,428.8,73339250.009
2289,428.9,75962277.393
2290,429.0,78208568.424
2291,429.1,79737027.657
2292,429.2,80324705.322
2293,429.3,79880234.393
2294,429.4,78446779.231
2295,429.5,76138620.606
2296,429.6,73166577.127
2297,429.7,69723062.745
2298,429.8,65992708.045
2299,429.9,62120000.001
2300,430.0,58190000.001
2301,430.1,54250000.001
2302,430.2,50318907.561
2303,430.3,46432584.241
2304,430.4,42587661.967
2305,430.5,38838546.047
2306,430.6,35221154.33
2307,430.7,31812799.009
2308,430.8,28666373.677
2309,430.9,25817604.166
2310,431.0,23288728.325
2311,431.1,21086762.035
2312,431.2,19183881.555
2313,431.3,17530025.141
2314,431.4,16075914.267
2315,431.5,14771747.31
2316,431.6,13567555.205
2317,431.7,12424809.257
2318,431.8,11322319.453
2319,431.9,10265453.37
2320,432.0,9258621.988
2321,432.1,8312946.29
2322,432.2,7450627.013
2323,432.3,6698208.513
2324,432.4,6081000.0
2325,432.5,5625000.0
2326,432.6,5361000.0
2327,432.7,5316401.861
2328,432.8,5523805.343
2329,432.9,6010076.979
2330,433.0,6803029.13
2331,433.1,7916526.95
2332,433.2,9354843.247
2333,433.3,11105394.204
2334,433.4,13117384.895
2335,433.5,15345845.577
2336,433.6,17715839.175
2337,433.7,20130301.654
2338,433.8,22501974.629
2339,433.9,24738565.422
2340,434.0,26764815.541
2341,434.1,28515435.409
2342,434.2,29945137.841
2343,434.3,31051354.364
2344,434.4,31831361.005
2345,434.5,32309803.428
2346,434.6,32494575.77
2347,434.7,32429609.444
2348,434.8,32123605.928
2349,434.9,31590000.0
2350,435.0,30850000.0
2351,435.1,29890000.0
2352,435.2,28735737.495
2353,435.3,27386769.257
2354,435.4,25862462.589
2355,435.5,24198519.592
2356,435.6,22443868.516
2357,435.7,20654471.681
2358,435.8,18900049.675
2359,435.9,17232862.149
2360,436.0,15712843.153
2361,436.1,14383061.606
2362,436.2,13276053.309
2363,436.3,12400484.415
2364,436.4,11760473.452
2365,436.5,11347399.655
2366,436.6,11137593.593
2367,436.7,11096944.486
2368,436.8,11176511.452
2369,436.9,11349511.453
2370,437.0,11550716.241
2371,437.1,11737499.857
2372,437.2,11871250.578
2373,437.3,11911924.072
2374,437.4,11840000.0
2375,437.5,11650000.0
2376,437.6,11350000.0
2377,437.7,10946964.157
2378,437.8,10492143.468
2379,437.9,10003037.264
2380,438.0,9540942.103
2381,438.1,9135504.79
2382,438.2,8826005.68
2383,438.3,8639038.579
2384,438.4,8594742.058
2385,438.5,8704274.024
2386,438.6,8967984.248
2387,438.7,9378308.672
2388,438.8,9913886.188
2389,438.9,10546389.721
2390,439.0,11245099.675
2391,439.1,11947185.551
2392,439.2,12601554.726
2393,439.3,13146360.854
2394,439.4,13528460.116
2395,439.5,13687506.783
2396,439.6,13599649.537
2397,439.7,13240291.103
2398,439.8,12633076.07
2399,439.9,11810000.0
2400,440.0,10820000.0
2401,440.1,9753000.0
2402,440.2,8670284.962
2403,440.3,7648347.522
2404,440.4,6746804.571
2405,440.5,6010305.749
2406,440.6,5460087.832
2407,440.7,5097676.746
2408,440.8,4908750.746
2409,440.9,4861822.787
2410,441.0,4920601.463
2411,441.1,5045412.186
2412,441.2,5199862.85
2413,441.3,5355778.39
2414,441.4,5493944.758
2415,441.5,5606333.848
2416,441.6,5693076.349
2417,441.7,5761915.043
2418,441.8,5825398.84
2419,441.9,5893903.52
2420,442.0,5975691.638
2421,442.1,6074149.127
2422,442.2,6189783.025
2423,442.3,6314327.369
2424,442.4,6440000.0
2425,442.5,6554000.0
2426,442.6,6647000.0
2427,442.7,6711166.014
2428,442.8,6747250.765
2429,442.9,6756275.024
2430,443.0,6751549.973
2431,443.1,6748661.584
2432,443.2,6770532.418
2433,443.3,6842700.438
2434,443.4,6992404.395
2435,443.5,7242601.34
2436,443.6,7611489.328
2437,443.7,8105928.601
2438,443.8,8720236.561
2439,443.9,9432023.679
2440,444.0,10204070.787
2441,444.1,10990871.979
2442,444.2,11726158.733
2443,444.3,12366898.394
2444,444.4,12839061.05
2445,444.5,13118437.861
2446,444.6,13185008.201
2447,444.7,13018087.614
2448,444.8,12656297.415
2449,444.9,12120000.0
2450,445.0,11470000.0
2451,445.1,10750000.0
2452,445.2,10018066.472
2453,445.3,9330276.875
2454,445.4,8726057.127
2455,445.5,8246423.202
2456,445.6,7918874.596
2457,445.7,7764690.621
2458,445.8,7794974.521
2459,445.9,8014694.31
2460,446.0,8419638.436
2461,446.1,8995120.641
2462,446.2,9711262.994
2463,446.3,10528770.593
2464,446.4,11395283.69
2465,446.5,12240856.068
2466,446.6,13007311.853
2467,446.7,13610867.088
2468,446.8,13993240.433
2469,446.9,14119539.978
2470,447.0,13949491.758
2471,447.1,13492735.967
2472,447.2,12783528.984
2473,447.3,11861276.367
2474,447.4,10800000.0
2475,447.5,9681000.0
2476,447.6,8576000.0
2477,447.7,7556681.761
2478,447.8,6680080.434
2479,447.9,5987655.055
2480,448.0,5503463.169
2481,448.1,5235583.529
2482,448.2,5178220.854
2483,448.3,5317128.973
2484,448.4,5631177.09
2485,448.5,6097371.452
2486,448.6,6693675.965
2487,448.7,7399538.005
2488,448.8,8197258.232
2489,448.9,9072723.024
2490,449.0,10009194.111
2491,449.1,11003992.911
2492,449.2,12027536.851
2493,449.3,13082725.259
2494,449.4,14124944.087
2495,449.5,15142385.806
2496,449.6,16092349.771
2497,449.7,16932997.839
2498,449.8,17630482.328
2499,449.9,18130000.0
2500,450.0,18410000.0
2501,450.1,18430000.0
2502,450.2,18194329.958
2503,450.3,17700572.046
2504,450.4,16990897.326
2505,450.5,16086990.677
2506,450.6,15056806.154
2507,450.7,13953604.72
2508,450.8,12819764.625
2509,450.9,11716599.124
2510,451.0,10686025.788
2511,451.1,9752561.247
2512,451.2,8951426.449
2513,451.3,8287596.074
2514,451.4,7778664.274
2515,451.5,7435811.94
2516,451.6,7272437.79
2517,451.7,7305956.525
2518,451.8,7553855.671
2519,451.9,8036001.309
2520,452.0,8767664.123
2521,452.1,9759389.398
2522,452.2,11010647.888
2523,452.3,12516396.423
2524,452.4,14250000.0
2525,452.5,16180000.0
2526,452.6,18250000.0
2527,452.7,20407684.373
2528,452.8,22574380.274
2529,452.9,24672617.681
2530,453.0,26651790.525
2531,453.1,28424887.005
2532,453.2,29931089.353
2533,453.3,31142721.498
2534,453.4,32046289.166
2535,453.5,32623026.027
2536,453.6,32919929.425
2537,453.7,32984560.613
2538,453.8,32893298.037
2539,453.9,32735395.885
2540,454.0,32595454.585
2541,454.1,32580234.476
2542,454.2,32752934.384
2543,454.3,33170720.636
2544,454.4,33867363.056
2545,454.5,34835753.037
2546,454.6,36050644.011
2547,454.7,37469649.886
2548,454.8,39020110.039
2549,454.9,40640000.0
2550,455.0,42260000.0
2551,455.1,43820000.0
2552,455.2,45257494.885
2553,455.3,46539548.479
2554,455.4,47618995.415
2555,455.5,48468817.774
2556,455.6,49041075.815
2557,455.7,49302903.331
2558,455.8,49216974.269
2559,455.9,48763513.214
2560,456.0,47936874.233
2561,456.1,46752796.023
2562,456.2,45231466.215
2563,456.3,43457618.634
2564,456.4,41503748.536
2565,456.5,39460471.446
2566,456.6,37415690.192
2567,456.7,35425939.288
2568,456.8,33555167.164
2569,456.9,31813756.629
2570,457.0,30191443.638
2571,457.1,28672605.982
2572,457.2,27240044.209
2573,457.3,25856192.68
2574,457.4,24520000.0
2575,457.5,23270000.0
2576,457.6,22150000.0
2577,457.7,21229158.778
2578,457.8,20591715.159
2579,457.9,20333121.584
2580,458.0,20525853.281
2581,458.1,21191902.083
2582,458.2,22326472.428
2583,458.3,23873610.519
2584,458.4,25728310.39
2585,458.5,27728348.173
2586,458.6,29703940.196
2587,458.7,31458881.701
2588,458.8,32823315.644
2589,458.9,33644513.018
2590,459.0,33843353.927
2591,459.1,33380028.226
2592,459.2,32260393.36
2593,459.3,30579491.514
2594,459.4,28433471.908
2595,459.5,25961335.013
2596,459.6,23300903.306
2597,459.7,20606727.862
2598,459.8,17985023.963
2599,459.9,15520000.0
2600,460.0,13290000.0
2601,460.1,11320000.0
2602,460.2,9620662.577
2603,460.3,8198893.809
2604,460.4,7039390.143
2605,460.5,6126054.718
2606,460.6,5440389.76
2607,460.7,4967532.048
2608,460.8,4692459.052
2609,460.9,4600759.608
2610,461.0,4676276.714
2611,461.1,4902193.189
2612,461.2,5256747.576
2613,461.3,5713144.081
2614,461.4,6240215.358
2615,461.5,6802855.793
2616,461.6,7365784.171
2617,461.7,7890424.871
2618,461.8,8342249.155
2619,461.9,8690939.027
2620,462.0,8912371.719
2621,462.1,8991999.463
2622,462.2,8921292.211
2623,462.3,8704277.246
2624,462.4,8354000.0
2625,462.5,7889000.0
2626,462.6,7339000.0
2627,462.7,6735204.955
2628,462.8,6114261.197
2629,462.9,5514354.395
2630,463.0,4970442.817
2631,463.1,4516993.334
2632,463.2,4182832.479
2633,463.3,3991987.88
2634,463.4,3961248.073
2635,463.5,4100729.732
2636,463.6,4413876.619
2637,463.7,4894807.624
2638,463.8,5528993.373
2639,463.9,6294916.382
2640,464.0,7163579.608
2641,464.1,8099482.153
2642,464.2,9058941.905
2643,464.3,9999301.293
2644,464.4,10868484.577
2645,464.5,11625812.81
2646,464.6,12229388.999
2647,464.7,12658633.905
2648,464.8,12870131.763
2649,464.9,12880000.0
2650,465.0,12670000.0
2651,465.1,12270000.0
2652,465.2,11707241.289
2653,465.3,11016523.531
2654,465.4,10238447.776
2655,465.5,9405946.506
2656,465.6,8570210.565
2657,465.7,7764344.726
2658,465.8,7019638.059
2659,465.9,6357938.469
2660,466.0,5791801.093
2661,466.1,5326955.842
2662,466.2,4958158.411
2663,466.3,4675781.191
2664,466.4,4463042.842
2665,466.5,4300367.592
2666,466.6,4168384.817
2667,466.7,4048963.882
2668,466.8,3925416.945
2669,466.9,3788566.655
2670,467.0,3631906.669
2671,467.1,3454600.882
2672,467.2,3261003.672
2673,467.3,3058380.61
2674,467.4,2857000.0
2675,467.5,2668000.0
2676,467.6,2501000.0
2677,467.7,2366081.066
2678,467.8,2268041.723
2679,467.9,2212358.462
2680,468.0,2199875.751
2681,468.1,2229170.431
2682,468.2,2299095.123
2683,468.3,2405158.701
2684,468.4,2542455.653
2685,468.5,2708346.31
2686,468.6,2896779.029
2687,468.7,3103176.741
2688,468.8,3324143.742
2689,468.9,3555991.284
2690,469.0,3795619.134
2691,469.1,4039984.268
2692,469.2,4288111.591
2693,469.3,4537809.681
2694,469.4,4789455.906
2695,469.5,5042312.753
2696,469.6,5296724.336
2697,469.7,5554920.166
2698,469.8,5818295.578
2699,469.9,6089000.0
2700,470.0,6368000.0
2701,470.1,6654000.0
2702,470.2,6946436.244
2703,470.3,7241500.667
2704,470.4,7533886.676
2705,470.5,7816474.015
2706,470.6,8082349.121
2707,470.7,8323633.659
2708,470.8,8536599.884
2709,470.9,8718317.576
2710,471.0,8870435.184
2711,471.1,8996997.432
2712,471.2,9105599.359
2713,471.3,9205290.713
2714,471.4,9302610.359
2715,471.5,9402889.966
2716,471.6,9510526.411
2717,471.7,9622931.067
2718,471.8,9736439.712
2719,471.9,9845512.557
2720,472.0,9942172.435
2721,472.1,10025724.653
2722,472.2,10085578.828
2723,472.3,10118071.52
2724,472.4,10130000.0
2725,472.5,10130000.0
2726,472.6,10110000.0
2727,472.7,10087057.162
2728,472.8,10044800.417
2729,472.9,9989088.462
2730,473.0,9930987.12
2731,473.1,9852783.345
2732,473.2,9753838.829
2733,473.3,9627963.675
2734,473.4,9470391.568
2735,473.5,9279143.068
2736,473.6,9051931.159
2737,473.7,8793087.946
2738,473.8,8509705.988
2739,473.9,8212896.674
2740,474.0,7919091.887
2741,474.1,7649542.392
2742,474.2,7428276.178
2743,474.3,7279893.379
2744,474.4,7227019.264
2745,474.5,7292473.146
2746,474.6,7488447.974
2747,474.7,7821321.719
2748,474.8,8284194.508
2749,474.9,8859000.0
2750,475.0,9518000.0
2751,475.1,10220000.0
2752,475.2,10918550.35
2753,475.3,11571987.677
2754,475.4,12132053.894
2755,475.5,12550410.666
2756,475.6,12793742.985
2757,475.7,12843745.636
2758,475.8,12695638.414
2759,475.9,12359553.204
2760,476.0,11842990.969
2761,476.1,11181635.069
2762,476.2,10413563.841
2763,476.3,9565598.074
2764,476.4,8676560.733
2765,476.5,7779221.675
2766,476.6,6899839.605
2767,476.7,6060697.264
2768,476.8,5275349.566
2769,476.9,4555479.261
2770,477.0,3906894.401
2771,477.1,3332717.254
2772,477.2,2834620.457
2773,477.3,2412914.954
2774,477.4,2069000.0
2775,477.5,1804000.0
2776,477.6,1620000.0
2777,477.7,1518698.298
2778,477.8,1503383.981
2779,477.9,1575461.182
2780,478.0,1736389.305
2781,478.1,1985624.642
2782,478.2,2318576.022
2783,478.3,2729921.761
2784,478.4,3207475.915
2785,478.5,3736808.925
2786,478.6,4300471.526
2787,478.7,4877802.037
2788,478.8,5444873.872
2789,478.9,5980925.441
2790,479.0,6465011.181
2791,479.1,6879937.438
2792,479.2,7213227.114
2793,479.3,7457398.161
2794,479.4,7611131.434
2795,479.5,7674697.016
2796,479.6,7653667.449
2797,479.7,7555745.59
2798,479.8,7388257.122
2799,479.9,7159000.0
2800,480.0,6874000.0
2801,480.1,6542000.0
2802,480.2,6169104.353
2803,480.3,5763077.424
2804,480.4,5330989.922
2805,480.5,4884035.871
2806,480.6,4434356.843
2807,480.7,3993438.368
2808,480.8,3574243.877
2809,480.9,3188367.174
2810,481.0,2845600.083
2811,481.1,2553823.537
2812,481.2,2314894.452
2813,481.3,2128713.72
2814,481.4,1992542.356
2815,481.5,1897396.766
2816,481.6,1834900.738
2817,481.7,1794531.757
2818,481.8,1765019.476
2819,481.9,1737961.428
2820,482.0,1704039.354
2821,482.1,1658870.408
2822,482.2,1597130.964
2823,482.3,1518708.971
2824,482.4,1425000.0
2825,482.5,1319000.0
2826,482.6,1205000.0
2827,482.7,1088390.897
2828,482.8,974548.92
2829,482.9,867612.872
2830,483.0,772195.065
2831,483.1,691130.277
2832,483.2,626185.692
2833,483.3,577938.07
2834,483.4,545396.845
2835,483.5,526772.227
2836,483.6,519393.313
2837,483.7,519971.224
2838,483.8,525193.848
2839,483.9,532079.777
2840,484.0,538022.241
2841,484.1,541227.806
2842,484.2,540813.31
2843,484.3,537056.47
2844,484.4,530875.075
2845,484.5,524138.065
2846,484.6,518864.472
2847,484.7,517529.212
2848,484.8,522308.742
2849,484.9,535100.0
2850,485.0,557200.0
2851,485.1,589700.0
2852,485.2,633383.592
2853,485.3,688929.085
2854,485.4,757822.37
2855,485.5,842330.246
2856,485.6,945857.097
2857,485.7,1073307.597
2858,485.8,1232224.632
2859,485.9,1428156.328
2860,486.0,1669548.267
2861,486.1,1962681.665
2862,486.2,2311965.6
2863,486.3,2717385.297
2864,486.4,3175506.031
2865,486.5,3677621.132
2866,486.6,4206694.396
2867,486.7,4744333.87
2868,486.8,5267686.53
2869,486.9,5751020.939
2870,487.0,6173612.158
2871,487.1,6515405.189
2872,487.2,6766136.883
2873,487.3,6922377.626
2874,487.4,6991000.0
2875,487.5,6986000.0
2876,487.6,6930000.0
2877,487.7,6849622.348
2878,487.8,6770907.152
2879,487.9,6717212.583
2880,488.0,6705571.994
2881,488.1,6743577.29
2882,488.2,6829408.692
2883,488.3,6950773.937
2884,488.4,7085672.798
2885,488.5,7208479.1
2886,488.6,7287788.109
2887,488.7,7297949.682
2888,488.8,7216819.563
2889,488.9,7029632.001
2890,489.0,6733240.411
2891,489.1,6332537.198
2892,489.2,5843009.017
2893,489.3,5286222.294
2894,489.4,4689504.55
2895,489.5,4082267.621
2896,489.6,3491849.658
2897,489.7,2942789.625
2898,489.8,2455696.045
2899,489.9,2045000.0
2900,490.0,1720000.0
2901,490.1,1486000.0
2902,490.2,1341651.939
2903,490.3,1286212.892
2904,490.4,1312811.486
2905,490.5,1417867.388
2906,490.6,1593517.435
2907,490.7,1835333.421
2908,490.8,2139403.331
2909,490.9,2501851.487
2910,491.0,2921616.039
2911,491.1,3396418.09
2912,491.2,3924757.93
2913,491.3,4502955.579
2914,491.4,5125382.812
2915,491.5,5783225.173
2916,491.6,6461284.042
2917,491.7,7141195.631
2918,491.8,7798373.886
2919,491.9,8405262.377
2920,492.0,8931917.026
2921,492.1,9349610.88
2922,492.2,9635479.117
2923,492.3,9770231.426
2924,492.4,9746000.0
2925,492.5,9565000.0
2926,492.6,9240000.0
2927,492.7,8792517.814
2928,492.8,8251661.768
2929,492.9,7650475.667
2930,493.0,7021661.513
2931,493.1,6396440.171
2932,493.2,5799072.781
2933,493.3,5248380.677
2934,493.4,4753931.017
2935,493.5,4319199.414
2936,493.6,3941351.856
2937,493.7,3614563.632
2938,493.8,3331204.919
2939,493.9,3082349.875
2940,494.0,2862119.445
2941,494.1,2665700.594
2942,494.2,2491517.075
2943,494.3,2342025.793
2944,494.4,2217488.874
2945,494.5,2123106.057
2946,494.6,2059807.713
2947,494.7,2029244.785
2948,494.8,2031078.981
2949,494.9,2063000.0
2950,495.0,2117000.0
2951,495.1,2186000.0
2952,495.2,2259324.754
2953,495.3,2328312.538
2954,495.4,2380846.013
2955,495.5,2409350.722
2956,495.6,2406921.886
2957,495.7,2369898.016
2958,495.8,2296520.242
2959,495.9,2191100.975
2960,496.0,2058052.626
2961,496.1,1904260.868
2962,496.2,1738649.085
2963,496.3,1571705.235
2964,496.4,1411206.203
2965,496.5,1266610.176
2966,496.6,1145680.789
2967,496.7,1054701.26
2968,496.8,998581.828
2969,496.9,981593.672
2970,497.0,1006807.471
2971,497.1,1075075.069
2972,497.2,1187384.672
2973,497.3,1342261.197
2974,497.4,1537000.0
2975,497.5,1767000.0
2976,497.6,2027000.0
2977,497.7,2307814.512
2978,497.8,2601691.026
2979,497.9,2897791.872
2980,498.0,3185623.194
2981,498.1,3457554.838
2982,498.2,3703905.427
2983,498.3,3918703.788
2984,498.4,4098321.515
2985,498.5,4241437.182
2986,498.6,4347453.216
2987,498.7,4419928.927
2988,498.8,4461154.684
2989,498.9,4477009.171
2990,499.0,4470743.339
2991,499.1,4446927.836
2992,499.2,4409399.471
2993,499.3,4361840.967
2994,499.4,4306642.474
2995,499.5,4247315.01
2996,499.6,4184020.355
2997,499.7,4118568.918
2998,499.8,4052658.833
2999,499.9,3986000.0
3000,500.0,3922000.0
3001,500.1,3860000.0
3002,500.2,3801355.973
3003,500.3,3747890.697
3004,500.4,3699868.009
3005,500.5,3658247.617
3006,500.6,3623575.939
3007,500.7,3595093.109
3008,500.8,3573175.668
3009,500.9,3555901.128
3010,501.0,3539904.077
3011,501.1,3524726.025
3012,501.2,3505853.833
3013,501.3,3480171.762
3014,501.4,3445137.115
3015,501.5,3398575.736
3016,501.6,3337248.611
3017,501.7,3262180.321
3018,501.8,3172731.118
3019,501.9,3069150.162
3020,502.0,2954205.707
3021,502.1,2829731.379
3022,502.2,2699275.909
3023,502.3,2565424.16
3024,502.4,2432000.0
3025,502.5,2302000.0
3026,502.6,2179000.0
3027,502.7,2065140.601
3028,502.8,1963350.009
3029,502.9,1874495.41
3030,503.0,1801658.576
3031,503.1,1743461.849
3032,503.2,1699250.515
3033,503.3,1667399.881
3034,503.4,1643602.781
3035,503.5,1624575.196
3036,503.6,1604549.492
3037,503.7,1580141.272
3038,503.8,1546636.01
3039,503.9,1500203.104
3040,504.0,1440386.558
3041,504.1,1364065.728
3042,504.2,1272729.838
3043,504.3,1169873.801
3044,504.4,1057294.769
3045,504.5,939739.128
3046,504.6,821163.566
3047,504.7,705969.7
3048,504.8,598147.903
3049,504.9,500900.0
3050,505.0,416600.0
3051,505.1,346900.0
3052,505.2,292547.914
3053,505.3,253237.972
3054,505.4,228444.132
3055,505.5,216878.752
3056,505.6,216944.678
3057,505.7,226567.271
3058,505.8,243715.444
3059,505.9,266102.18
3060,506.0,291289.469
3061,506.1,317201.453
3062,506.2,341530.853
3063,506.3,362425.33
3064,506.4,378331.086
3065,506.5,388031.536
3066,506.6,390783.367
3067,506.7,386364.579
3068,506.8,375203.226
3069,506.9,357750.597
3070,507.0,335208.168
3071,507.1,308815.114
3072,507.2,280049.297
3073,507.3,250366.312
3074,507.4,221100.0
3075,507.5,193400.0
3076,507.6,168200.0
3077,507.7,146159.984
3078,507.8,127832.944
3079,507.9,113154.873
3080,508.0,102059.492
3081,508.1,94274.076
3082,508.2,89283.3
3083,508.3,86518.691
3084,508.4,85342.059
3085,508.5,85096.039
3086,508.6,85190.333
3087,508.7,85082.06
3088,508.8,84362.436
3089,508.9,82749.621
3090,509.0,80112.71
3091,509.1,76463.611
3092,509.2,71951.624
3093,509.3,66859.941
3094,509.4,61536.473
3095,509.5,56408.717
3096,509.6,51966.351
3097,509.7,48660.109
3098,509.8,46955.767
3099,509.9,47270.0
3100,510.0,49960.0
3101,510.1,55290.0
3102,510.2,63408.215
3103,510.3,74327.16
3104,510.4,87926.982
3105,510.5,103858.107
3106,510.6,121680.301
3107,510.7,140690.614
3108,510.8,160101.961
3109,510.9,178946.332
3110,511.0,196270.178
3111,511.1,211074.111
3112,511.2,222605.443
3113,511.3,230108.013
3114,511.4,233158.721
3115,511.5,231642.282
3116,511.6,225814.147
3117,511.7,216204.047
3118,511.8,203661.3
3119,511.9,189364.457
3120,512.0,174570.173
3121,512.1,160961.269
3122,512.2,149896.588
3123,512.3,143253.875
3124,512.4,142700.0
3125,512.5,149800.0
3126,512.6,166200.0
3127,512.7,193211.003
3128,512.8,231926.326
3129,512.9,283169.526
3130,513.0,347076.141
3131,513.1,423154.445
3132,513.2,510280.45
3133,513.3,606284.112
3134,513.4,708360.068
3135,513.5,812754.916
3136,513.6,915142.049
3137,513.7,1011023.604
3138,513.8,1095521.589
3139,513.9,1163918.612
3140,514.0,1213120.3
3141,514.1,1241127.776
3142,514.2,1245429.572
3143,514.3,1226013.03
3144,514.4,1185614.336
3145,514.5,1124309.06
3146,514.6,1047817.722
3147,514.7,959090.085
3148,514.8,862687.973
3149,514.9,762900.0
3150,515.0,663700.0
3151,515.1,568200.0
3152,515.2,479265.588
3153,515.3,398755.766
3154,515.4,327708.457
3155,515.5,266973.932
3156,515.6,216552.067
3157,515.7,176386.743
3158,515.8,146012.282
3159,515.9,125264.894
3160,516.0,113832.252
3161,516.1,111632.147
3162,516.2,118674.156
3163,516.3,135130.457
3164,516.4,161337.29
3165,516.5,197507.354
3166,516.6,243770.876
3167,516.7,299953.403
3168,516.8,365724.983
3169,516.9,440112.461
3170,517.0,521672.311
3171,517.1,608653.156
3172,517.2,698788.961
3173,517.3,790094.017
3174,517.4,880300.0
3175,517.5,968000.0
3176,517.6,1053000.0
3177,517.7,1135215.598
3178,517.8,1218419.282
3179,517.9,1306424.605
3180,518.0,1407583.767
3181,518.1,1531362.847
3182,518.2,1693454.323
3183,518.3,1909872.546
3184,518.4,2204107.714
3185,518.5,2605396.858
3186,518.6,3149336.722
3187,518.7,3878963.766
3188,518.8,4849303.215
3189,518.9,6125602.588
3190,519.0,7782540.036
3191,519.1,9906777.916
3192,519.2,12598322.961
3193,519.3,15945277.873
3194,519.4,20035076.333
3195,519.5,24951971.841
3196,519.6,30746322.955
3197,519.7,37406924.881
3198,519.8,44907082.86
3199,519.9,53139999.998
3200,520.0,61909999.998
3201,520.1,70969999.998
3202,520.2,80024787.064
3203,520.3,88699365.217
3204,520.4,96633001.675
3205,520.5,103447151.725
3206,520.6,108727046.547
3207,520.7,112243461.008
3208,520.8,113743229.868
3209,520.9,113221158.571
3210,521.0,110616130.277
3211,521.1,106041563.844
3212,521.2,99814550.946
3213,521.3,92268728.565
3214,521.4,83699983.849
3215,521.5,74550600.024
3216,521.6,65187082.364
3217,521.7,55961929.698
3218,521.8,47189388.084
3219,521.9,39084265.959
3220,522.0,31824040.909
3221,522.1,25468446.857
3222,522.2,20059555.935
3223,522.3,15562033.65
3224,522.4,11910000.001
3225,522.5,9008000.0
3226,522.6,6748000.0
3227,522.7,5024786.992
3228,522.8,3734824.097
3229,522.9,2786540.985
3230,523.0,2100764.159
3231,523.1,1614997.776
3232,523.2,1276778.316
3233,523.3,1049256.348
3234,523.4,901723.737
3235,523.5,813699.886
3236,523.6,769406.571
3237,523.7,757182.474
3238,523.8,767975.438
3239,523.9,794605.494
3240,524.0,830932.651
3241,524.1,871878.998
3242,524.2,913091.385
3243,524.3,951451.438
3244,524.4,985055.954
3245,524.5,1013022.333
3246,524.6,1036533.124
3247,524.7,1058799.642
3248,524.8,1081482.903
3249,524.9,1111000.0
3250,525.0,1153000.0
3251,525.1,1211000.0
3252,525.2,1292226.39
3253,525.3,1398927.299
3254,525.4,1534503.027
3255,525.5,1699111.901
3256,525.6,1890264.075
3257,525.7,2103989.88
3258,525.8,2332987.331
3259,525.9,2570671.85
3260,526.0,2805897.753
3261,526.1,3027648.198
3262,526.2,3227554.116
3263,526.3,3395120.375
3264,526.4,3521885.525
3265,526.5,3603068.764
3266,526.6,3635219.301
3267,526.7,3617021.233
3268,526.8,3550625.283
3269,526.9,3440805.411
3270,527.0,3291885.855
3271,527.1,3111186.881
3272,527.2,2907333.264
3273,527.3,2688460.12
3274,527.4,2462000.0
3275,527.5,2239000.0
3276,527.6,2027000.0
3277,527.7,1837224.636
3278,527.8,1677750.941
3279,527.9,1560488.544
3280,528.0,1497258.146
3281,528.1,1500667.098
3282,528.2,1584333.94
3283,528.3,1762019.277
3284,528.4,2048033.971
3285,528.5,2454762.539
3286,528.6,2992598.68
3287,528.7,3667420.792
3288,528.8,4478663.818
3289,528.9,5420199.357
3290,529.0,6476237.031
3291,529.1,7619676.429
3292,529.2,8817722.166
3293,529.3,10023384.67
3294,529.4,11194077.097
3295,529.5,12279289.387
3296,529.6,13214057.514
3297,529.7,13966486.683
3298,529.8,14491318.18
3299,529.9,14760000.0
3300,530.0,14760000.0
3301,530.1,14500000.0
3302,530.2,14000182.419
3303,530.3,13289983.675
3304,530.4,12401733.975
3305,530.5,11404078.133
3306,530.6,10345948.709
3307,530.7,9277106.09
3308,530.8,8247144.484
3309,530.9,7303205.643
3310,531.0,6482861.213
3311,531.1,5816640.005
3312,531.2,5328529.209
3313,531.3,5035978.748
3314,531.4,4951443.186
3315,531.5,5083535.697
3316,531.6,5436141.183
3317,531.7,6008891.401
3318,531.8,6796523.915
3319,531.9,7785855.682
3320,532.0,8955054.894
3321,532.1,10281507.513
3322,532.2,11703281.434
3323,532.3,13199115.649
3324,532.4,14690000.0
3325,532.5,16110000.0
3326,532.6,17410000.0
3327,532.7,18499104.75
3328,532.8,19352504.153
3329,532.9,19905709.138
3330,533.0,20140410.269
3331,533.1,20045140.623
3332,533.2,19635346.956
3333,533.3,18948718.074
3334,533.4,18032020.308
3335,533.5,16937707.942
3336,533.6,15741377.244
3337,533.7,14496804.197
3338,533.8,13276433.727
3339,533.9,12124255.127
3340,534.0,11074686.922
3341,534.1,10153014.573
3342,534.2,9367666.167
3343,534.3,8711873.263
3344,534.4,8168875.118
3345,534.5,7716870.994
3346,534.6,7328423.763
3347,534.7,6977083.421
3348,534.8,6638017.062
3349,534.9,6292000.0
3350,535.0,5925000.0
3351,535.1,5530000.0
3352,535.2,5106402.699
3353,535.3,4658406.769
3354,535.4,4195510.16
3355,535.5,3726415.591
3356,535.6,3264707.941
3357,535.7,2819931.448
3358,535.8,2402045.415
3359,535.9,2019040.081
3360,536.0,1675769.804
3361,536.1,1374335.156
3362,536.2,1114006.963
3363,536.3,893916.071
3364,536.4,710859.925
3365,536.5,560716.648
3366,536.6,439147.18
3367,536.7,341811.558
3368,536.8,264528.678
3369,536.9,203682.974
3370,537.0,156084.588
3371,537.1,118959.88
3372,537.2,90215.678
3373,537.3,68057.582
3374,537.4,51160.0
3375,537.5,38470.0
3376,537.6,29240.0
3377,537.7,22917.571
3378,537.8,19176.891
3379,537.9,17888.993
3380,538.0,19131.785
3381,538.1,23201.641
3382,538.2,30614.217
3383,538.3,42155.78
3384,538.4,58902.439
3385,538.5,82191.528
3386,538.6,113722.942
3387,538.7,155523.866
3388,538.8,209945.199
3389,538.9,279616.913
3390,539.0,367460.134
3391,539.1,476684.197
3392,539.2,610515.786
3393,539.3,772506.039
3394,539.4,965373.344
3395,539.5,1193084.461
3396,539.6,1457517.016
3397,539.7,1760594.775
3398,539.8,2101718.368
3399,539.9,2482000.0
3400,540.0,2896000.0
3401,540.1,3338000.0
3402,540.2,3802024.544
3403,540.3,4275469.187
3404,540.4,4746049.511
3405,540.5,5196838.578
3406,540.6,5610887.834
3407,540.7,5970411.28
3408,540.8,6260614.66
3409,540.9,6464240.709
3410,541.0,6570039.111
3411,541.1,6572453.352
3412,541.2,6468491.485
3413,541.3,6260864.525
3414,541.4,5958553.359
3415,541.5,5575833.729
3416,541.6,5128950.622
3417,541.7,4636597.775
3418,541.8,4118342.172
3419,541.9,3595574.005
3420,542.0,3084442.67
3421,542.1,2600530.867
3422,542.2,2154194.2
3423,542.3,1754301.413
3424,542.4,1404000.0
3425,542.5,1106000.0
3426,542.6,856500.0
3427,542.7,653432.758
3428,542.8,491400.498
3429,542.9,365097.288
3430,543.0,268497.125
3431,543.1,196240.864
3432,543.2,143262.769
3433,543.3,105206.904
3434,543.4,78341.142
3435,543.5,59751.853
3436,543.6,47090.14
3437,543.7,38589.578
3438,543.8,32947.07
3439,543.9,29219.547
3440,544.0,26744.773
3441,544.1,25079.079
3442,544.2,23921.167
3443,544.3,23067.187
3444,544.4,22390.901
3445,544.5,21818.142
3446,544.6,21279.5
3447,544.7,20717.732
3448,544.8,20123.018
3449,544.9,19450.0
3450,545.0,18680.0
3451,545.1,17810.0
3452,545.2,16848.473
3453,545.3,15780.518
3454,545.4,14662.261
3455,545.5,13509.62
3456,545.6,12376.829
3457,545.7,11311.813
3458,545.8,10374.744
3459,545.9,9611.675
3460,546.0,9076.273
3461,546.1,8812.337
3462,546.2,8853.371
3463,546.3,9219.064
3464,546.4,9919.034
3465,546.5,10937.102
3466,546.6,12259.919
3467,546.7,13836.052
3468,546.8,15615.31
3469,546.9,17534.631
3470,547.0,19536.149
3471,547.1,21544.217
3472,547.2,23490.359
3473,547.3,25333.394
3474,547.4,27030.0
3475,547.5,28590.0
3476,547.6,30020.0
3477,547.7,31350.415
3478,547.8,32650.902
3479,547.9,33995.71
3480,548.0,35454.639
3481,548.1,37112.076
3482,548.2,39058.493
3483,548.3,41339.962
3484,548.4,43986.541
3485,548.5,47038.581
3486,548.6,50486.817
3487,548.7,54332.5
3488,548.8,58558.585
3489,548.9,63156.281
3490,549.0,68125.462
3491,549.1,73484.041
3492,549.2,79242.59
3493,549.3,85419.897
3494,549.4,92039.053
3495,549.5,99044.439
3496,549.6,106488.221
3497,549.7,114038.823
3498,549.8,121729.565
3499,549.9,129300.0
3500,550.0,136300.0
3501,550.1,142500.0
3502,550.2,147648.033
3503,550.3,151174.111
3504,550.4,152885.199
3505,550.5,152568.588
3506,550.6,150148.393
3507,550.7,145614.546
3508,550.8,139019.927
3509,550.9,130590.751
3510,551.0,120726.092
3511,551.1,109798.471
3512,551.2,98104.732
3513,551.3,86202.433
3514,551.4,74441.736
3515,551.5,63180.757
3516,551.6,52693.226
3517,551.7,43182.489
3518,551.8,34770.591
3519,551.9,27505.565
3520,552.0,21374.732
3521,552.1,16319.231
3522,552.2,12248.29
3523,552.3,9023.37
3524,552.4,6531.0
3525,552.5,4644.0
3526,552.6,3244.0
3527,552.7,2226.674
3528,552.8,1500.389
3529,552.9,994.1
3530,553.0,646.483
3531,553.1,413.152
3532,553.2,259.355
3533,553.3,159.999
3534,553.4,96.955
3535,553.5,57.696
3536,553.6,33.772
3537,553.7,19.422
3538,553.8,10.99
3539,553.9,6.125
3540,554.0,3.364
3541,554.1,1.828
3542,554.2,0.985
3543,554.3,0.53
3544,554.4,0.288
3545,554.5,0.159
3546,554.6,0.091
3547,554.7,0.054
3548,554.8,0.034
3549,554.9,0.022
3550,555.0,0.015
3551,555.1,0.011
3552,555.2,0.008
3553,555.3,0.005
3554,555.4,0.004
3555,555.5,0.003
3556,555.6,0.002
3557,555.7,0.001
3558,555.8,0.001
3559,555.9,0.001
3560,556.0,0.0
3561,556.1,0.0
3562,556.2,0.0
3563,556.3,0.0
3564,556.4,0.0
3565,556.5,0.0
3566,556.6,0.0
3567,556.7,0.0
3568,556.8,0.0
3569,556.9,0.0
3570,557.0,0.0
3571,557.1,0.0
3572,557.2,0.0
3573,557.3,0.0
3574,557.4,0.0
3575,557.5,0.0
3576,557.6,0.0
3577,557.7,0.0
3578,557.8,0.0
3579,557.9,0.0
3580,558.0,0.0
3581,558.1,0.0
3582,558.2,0.001
3583,558.3,0.003
3584,558.4,0.006
3585,558.5,0.012
3586,558.6,0.026
3587,558.7,0.056
3588,558.8,0.115
3589,558.9,0.235
3590,559.0,0.47
3591,559.1,0.927
3592,559.2,1.793
3593,559.3,3.411
3594,559.4,6.381
3595,559.5,11.737
3596,559.6,21.202
3597,559.7,37.688
3598,559.8,65.834
3599,559.9,113.1
3600,560.0,190.9
3601,560.1,316.9
3602,560.2,517.004
3603,560.3,829.406
3604,560.4,1308.23
3605,560.5,2027.501
3606,560.6,3089.996
3607,560.7,4630.539
3608,560.8,6819.851
3609,560.9,9875.242
3610,561.0,14054.66
3611,561.1,19673.13
3612,561.2,27072.332
3613,561.3,36613.976
3614,561.4,48682.944
3615,561.5,63640.795
3616,561.6,81776.751
3617,561.7,103355.636
3618,561.8,128337.92
3619,561.9,156740.287
3620,562.0,188113.863
3621,562.1,221975.814
3622,562.2,257675.634
3623,562.3,293978.82
3624,562.4,329800.0
3625,562.5,363900.0
3626,562.6,394900.0
3627,562.7,421640.781
3628,562.8,442852.908
3629,562.9,457879.01
3630,563.0,466231.221
3631,563.1,467914.393
3632,563.2,463285.79
3633,563.3,453144.754
3634,563.4,438691.702
3635,563.5,421247.439
3636,563.6,402449.9
3637,563.7,383981.244
3638,563.8,367261.233
3639,563.9,353639.97
3640,564.0,344177.299
3641,564.1,339399.823
3642,564.2,339443.363
3643,564.3,344235.447
3644,564.4,353037.34
3645,564.5,364943.409
3646,564.6,378802.678
3647,564.7,393360.062
3648,564.8,407278.263
3649,564.9,419600.0
3650,565.0,429100.0
3651,565.1,435300.0
3652,565.2,437655.888
3653,565.3,436069.846
3654,565.4,430744.851
3655,565.5,422011.831
3656,565.6,410504.45
3657,565.7,396782.904
3658,565.8,381504.105
3659,565.9,365425.687
3660,566.0,349021.967
3661,566.1,332736.4
3662,566.2,317055.835
3663,566.3,302131.348
3664,566.4,288158.181
3665,566.5,275372.725
3666,566.6,263818.611
3667,566.7,253537.551
3668,566.8,244531.496
3669,566.9,236947.404
3670,567.0,230757.942
3671,567.1,226131.192
3672,567.2,223111.904
3673,567.3,221746.215
3674,567.4,222100.0
3675,567.5,224600.0
3676,567.6,229400.0
3677,567.7,236993.855
3678,567.8,247729.758
3679,567.9,262253.201
3680,568.0,281446.387
3681,568.1,305950.125
3682,568.2,336430.42
3683,568.3,373750.18
3684,568.4,418358.845
3685,568.5,470440.23
3686,568.6,530013.85
3687,568.7,596669.792
3688,568.8,669545.023
3689,568.9,747247.511
3690,569.0,828059.851
3691,569.1,909885.898
3692,569.2,990479.793
3693,569.3,1067069.058
3694,569.4,1137854.825
3695,569.5,1199089.645
3696,569.6,1249272.564
3697,569.7,1287933.185
3698,569.8,1311430.508
3699,569.9,1321000.0
3700,570.0,1315000.0
3701,570.1,1295000.0
3702,570.2,1260975.143
3703,570.3,1213738.47
3704,570.4,1155681.315
3705,570.5,1088940.02
3706,570.6,1014828.125
3707,570.7,936754.602
3708,570.8,855599.929
3709,570.9,773998.365
3710,571.0,693738.476
3711,571.1,616230.25
3712,571.2,543004.814
3713,571.3,474930.427
3714,571.4,412604.979
3715,571.5,356435.645
3716,571.6,306473.277
3717,571.7,262689.45
3718,571.8,224654.158
3719,571.9,191947.291
3720,572.0,164040.894
3721,572.1,140528.319
3722,572.2,120786.926
3723,572.3,104368.511
3724,572.4,90980.0
3725,572.5,80140.0
3726,572.6,71620.0
3727,572.7,65185.717
3728,572.8,60669.17
3729,572.9,57883.175
3730,573.0,56663.943
3731,573.1,56852.389
3732,573.2,58250.915
3733,573.3,60622.065
3734,573.4,63732.428
3735,573.5,67289.111
3736,573.6,71006.008
3737,573.7,74583.996
3738,573.8,77731.39
3739,573.9,80189.274
3740,574.0,81740.229
3741,574.1,82233.782
3742,574.2,81570.393
3743,574.3,79727.577
3744,574.4,76750.759
3745,574.5,72773.132
3746,574.6,67941.116
3747,574.7,62472.03
3748,574.8,56617.866
3749,574.9,50610.0
3750,575.0,44710.0
3751,575.1,39170.0
3752,575.2,34240.478
3753,575.3,30145.918
3754,575.4,27149.669
3755,575.5,25503.224
3756,575.6,25524.336
3757,575.7,27591.45
3758,575.8,32187.191
3759,575.9,39946.323
3760,576.0,51701.506
3761,576.1,68508.091
3762,576.2,91693.811
3763,576.3,122982.439
3764,576.4,164431.592
3765,576.5,218562.319
3766,576.6,288214.98
3767,576.7,376592.911
3768,576.8,487348.434
3769,576.9,624246.879
3770,577.0,791001.337
3771,577.1,990726.294
3772,577.2,1227288.458
3773,577.3,1501417.636
3774,577.4,1815000.0
3775,577.5,2165000.0
3776,577.6,2550000.0
3777,577.7,2963370.935
3778,577.8,3397099.546
3779,577.9,3842196.238
3780,578.0,4284843.087
3781,578.1,4712461.339
3782,578.2,5108980.155
3783,578.3,5460950.153
3784,578.4,5754148.279
3785,578.5,5976666.495
3786,578.6,6119178.834
3787,578.7,6176867.461
3788,578.8,6147744.125
3789,578.9,6032893.08
3790,579.0,5838569.74
3791,579.1,5575087.552
3792,579.2,5252907.758
3793,579.3,4887030.324
3794,579.4,4492213.127
3795,579.5,4082469.548
3796,579.6,3672036.23
3797,579.7,3272970.897
3798,579.8,2893468.49
3799,579.9,2543000.0
3800,580.0,2224000.0
3801,580.1,1939000.0
3802,580.2,1689592.489
3803,580.3,1472636.847
3804,580.4,1284701.239
3805,580.5,1123697.365
3806,580.6,984840.581
3807,580.7,864699.32
3808,580.8,759700.07
3809,580.9,666884.567
3810,581.0,584072.865
3811,581.1,509610.838
3812,581.2,442320.703
3813,581.3,381669.236
3814,581.4,327268.482
3815,581.5,278866.169
3816,581.6,236585.75
3817,581.7,200378.228
3818,581.8,170276.243
3819,581.9,145976.598
3820,582.0,127372.469
3821,582.1,113990.082
3822,582.2,105410.682
3823,582.3,101121.149
3824,582.4,100400.0
3825,582.5,102600.0
3826,582.6,107000.0
3827,582.7,112832.451
3828,582.8,119475.084
3829,582.9,126090.933
3830,583.0,132150.573
3831,583.1,137194.004
3832,583.2,140656.827
3833,583.3,142277.225
3834,583.4,141852.136
3835,583.5,139362.893
3836,583.6,134854.653
3837,583.7,128558.852
3838,583.8,120605.123
3839,583.9,111407.781
3840,584.0,101350.867
3841,584.1,90737.534
3842,584.2,80061.376
3843,584.3,69626.131
3844,584.4,59738.777
3845,584.5,50651.947
3846,584.6,42572.682
3847,584.7,35628.444
3848,584.8,29903.519
3849,584.9,25440.0
3850,585.0,22250.0
3851,585.1,20310.0
3852,585.2,19569.584
3853,585.3,19991.248
3854,585.4,21482.22
3855,585.5,23986.222
3856,585.6,27386.388
3857,585.7,31570.789
3858,585.8,36413.02
3859,585.9,41753.742
3860,586.0,47405.098
3861,586.1,53161.072
3862,586.2,58802.386
3863,586.3,64104.829
3864,586.4,68848.496
3865,586.5,72813.642
3866,586.6,75823.74
3867,586.7,77743.797
3868,586.8,78469.621
3869,586.9,77982.271
3870,587.0,76295.879
3871,587.1,73485.484
3872,587.2,69687.914
3873,587.3,65069.531
3874,587.4,59830.0
3875,587.5,54190.0
3876,587.6,48370.0
3877,587.7,42577.461
3878,587.8,36995.972
3879,587.9,31784.674
3880,588.0,27087.776
3881,588.1,23004.672
3882,588.2,19590.553
3883,588.3,16899.183
3884,588.4,14938.721
3885,588.5,13698.1
3886,588.6,13157.047
3887,588.7,13279.561
3888,588.8,14006.028
3889,588.9,15282.915
3890,589.0,17028.245
3891,589.1,19165.685
3892,589.2,21598.667
3893,589.3,24221.583
3894,589.4,26928.487
3895,589.5,29607.157
3896,589.6,32148.565
3897,589.7,34438.238
3898,589.8,36395.258
3899,589.9,37950.0
3900,590.0,39040.0
3901,590.1,39640.0
3902,590.2,39772.996
3903,590.3,39471.973
3904,590.4,38799.441
3905,590.5,37840.102
3906,590.6,36705.111
3907,590.7,35510.926
3908,590.8,34352.354
3909,590.9,33337.241
3910,591.0,32564.673
3911,591.1,32083.823
3912,591.2,31918.907
3913,591.3,32081.38
3914,591.4,32550.549
3915,591.5,33256.522
3916,591.6,34135.802
3917,591.7,35086.596
3918,591.8,36011.581
3919,591.9,36812.701
3920,592.0,37404.04
3921,592.1,37707.743
3922,592.2,37682.407
3923,592.3,37289.183
3924,592.4,36540.0
3925,592.5,35450.0
3926,592.6,34100.0
3927,592.7,32548.261
3928,592.8,30893.229
3929,592.9,29245.197
3930,593.0,27708.11
3931,593.1,26400.298
3932,593.2,25418.288
3933,593.3,24877.846
3934,593.4,24851.968
3935,593.5,25425.191
3936,593.6,26652.346
3937,593.7,28596.472
3938,593.8,31288.533
3939,593.9,34752.063
3940,594.0,39003.536
3941,594.1,44025.151
3942,594.2,49798.805
3943,594.3,56270.829
3944,594.4,63380.291
3945,594.5,71019.465
3946,594.6,79064.439
3947,594.7,87371.302
3948,594.8,95771.559
3949,594.9,104100.0
3950,595.0,112200.0
3951,595.1,119800.0
3952,595.2,126768.987
3953,595.3,133102.355
3954,595.4,138617.494
3955,595.5,143144.383
3956,595.6,146867.81
3957,595.7,149639.177
3958,595.8,151625.179
3959,595.9,152899.586
3960,596.0,153439.768
3961,596.1,153459.506
3962,596.2,153000.24
3963,596.3,152139.594
3964,596.4,150960.887
3965,596.5,149517.08
3966,596.6,147920.392
3967,596.7,146095.04
3968,596.8,144044.278
3969,596.9,141857.094
3970,597.0,139489.999
3971,597.1,137010.235
3972,597.2,134376.473
3973,597.3,131499.437
3974,597.4,128400.0
3975,597.5,125000.0
3976,597.6,121400.0
3977,597.7,117489.36
3978,597.8,113149.312
3979,597.9,108415.141
3980,598.0,103235.371
3981,598.1,97669.206
3982,598.2,91655.986
3983,598.3,85280.828
3984,598.4,78601.257
3985,598.5,71714.22
3986,598.6,64717.931
3987,598.7,57738.146
3988,598.8,50893.28
3989,598.9,44301.816
3990,599.0,38071.789
3991,599.1,32280.916
3992,599.2,27004.511
3993,599.3,22285.599
3994,599.4,18132.711
3995,599.5,14541.899
3996,599.6,11496.648
3997,599.7,8958.719
3998,599.8,6879.696
3999,599.9,5206.0
4000,600.0,3882.0
4001,600.1,2852.0
4002,600.2,2064.779
4003,600.3,1472.295
4004,600.4,1033.98
4005,600.5,715.717
4006,600.6,487.897
4007,600.7,327.655
4008,600.8,216.801
4009,600.9,141.282
4010,601.0,90.695
4011,601.1,57.329
4012,601.2,35.703
4013,601.3,21.902
4014,601.4,13.239
4015,601.5,7.881
4016,601.6,4.62
4017,601.7,2.668
4018,601.8,1.518
4019,601.9,0.851
4020,602.0,0.469
4021,602.1,0.255
4022,602.2,0.137
4023,602.3,0.072
4024,602.4,0.037
4025,602.5,0.019
4026,602.6,0.01
4027,602.7,0.005
4028,602.8,0.002
4029,602.9,0.001
4030,603.0,0.001
4031,603.1,0.0
4032,603.2,0.0
4033,603.3,0.0
4034,603.4,0.0
4035,603.5,0.0
4036,603.6,0.0
4037,603.7,0.0
4038,603.8,0.0
4039,603.9,0.0
4040,604.0,0.0
4041,604.1,0.0
4042,604.2,0.0
4043,604.3,0.001
4044,604.4,0.002
4045,604.5,0.003
4046,604.6,0.006
4047,604.7,0.012
4048,604.8,0.024
4049,604.9,0.046
4050,605.0,0.087
4051,605.1,0.162
4052,605.2,0.296
4053,605.3,0.534
4054,605.4,0.949
4055,605.5,1.662
4056,605.6,2.871
4057,605.7,4.888
4058,605.8,8.2
4059,605.9,13.563
4060,606.0,22.118
4061,606.1,35.553
4062,606.2,56.324
4063,606.3,87.997
4064,606.4,135.497
4065,606.5,205.746
4066,606.6,307.944
4067,606.7,454.569
4068,606.8,661.483
4069,606.9,949.521
4070,607.0,1343.807
4071,607.1,1875.074
4072,607.2,2581.168
4073,607.3,3504.865
4074,607.4,4694.0
4075,607.5,6202.0
4076,607.6,8084.0
4077,607.7,10392.277
4078,607.8,13192.931
4079,607.9,16521.013
4080,608.0,20428.688
4081,608.1,24927.07
4082,608.2,30021.394
4083,608.3,35704.681
4084,608.4,41931.373
4085,608.5,48631.324
4086,608.6,55709.361
4087,608.7,63031.886
4088,608.8,70458.104
4089,608.9,77818.542
4090,609.0,84921.464
4091,609.1,91580.63
4092,609.2,97591.352
4093,609.3,102825.081
4094,609.4,106994.679
4095,609.5,110118.412
4096,609.6,111977.7
4097,609.7,112611.741
4098,609.8,111845.086
4099,609.9,109900.0
4100,610.0,106700.0
4101,610.1,102300.0
4102,610.2,97044.727
4103,610.3,90950.142
4104,610.4,84263.915
4105,610.5,77167.997
4106,610.6,69877.009
4107,610.7,62597.063
4108,610.8,55502.17
4109,610.9,48764.818
4110,611.0,42516.836
4111,611.1,36870.34
4112,611.2,31905.256
4113,611.3,27657.605
4114,611.4,24147.898
4115,611.5,21367.414
4116,611.6,19271.912
4117,611.7,17814.307
4118,611.8,16913.37
4119,611.9,16493.813
4120,612.0,16460.416
4121,612.1,16704.547
4122,612.2,17148.672
4123,612.3,17684.878
4124,612.4,18230.0
4125,612.5,18720.0
4126,612.6,19070.0
4127,612.7,19248.85
4128,612.8,19216.904
4129,612.9,18959.661
4130,613.0,18460.107
4131,613.1,17727.454
4132,613.2,16803.319
4133,613.3,15702.959
4134,613.4,14470.874
4135,613.5,13152.195
4136,613.6,11778.974
4137,613.7,10402.585
4138,613.8,9053.897
4139,613.9,7769.42
4140,614.0,6572.275
4141,614.1,5480.249
4142,614.2,4504.356
4143,614.3,3649.014
4144,614.4,2913.954
4145,614.5,2293.973
4146,614.6,1779.909
4147,614.7,1362.03
4148,614.8,1026.62
4149,614.9,763.0
4150,615.0,558.9
4151,615.1,403.6
4152,615.2,287.275
4153,615.3,201.59
4154,615.4,139.351
4155,615.5,95.019
4156,615.6,63.855
4157,615.7,42.293
4158,615.8,27.612
4159,615.9,17.768
4160,616.0,11.275
4161,616.1,7.048
4162,616.2,4.345
4163,616.3,2.639
4164,616.4,1.58
4165,616.5,0.933
4166,616.6,0.543
4167,616.7,0.311
4168,616.8,0.176
4169,616.9,0.098
4170,617.0,0.054
4171,617.1,0.03
4172,617.2,0.017
4173,617.3,0.011
4174,617.4,0.011
4175,617.5,0.015
4176,617.6,0.025
4177,617.7,0.046
4178,617.8,0.084
4179,617.9,0.155
4180,618.0,0.281
4181,618.1,0.503
4182,618.2,0.887
4183,618.3,1.545
4184,618.4,2.653
4185,618.5,4.491
4186,618.6,7.5
4187,618.7,12.346
4188,618.8,20.049
4189,618.9,32.109
4190,619.0,50.692
4191,619.1,78.935
4192,619.2,121.225
4193,619.3,183.543
4194,619.4,274.027
4195,619.5,403.462
4196,619.6,585.872
4197,619.7,838.911
4198,619.8,1184.39
4199,619.9,1649.0
4200,620.0,2265.0
4201,620.1,3067.0
4202,620.2,4095.175
4203,620.3,5392.087
4204,620.4,7001.913
4205,620.5,8966.516
4206,620.6,11323.856
4207,620.7,14097.838
4208,620.8,17309.604
4209,620.9,20962.368
4210,621.0,25036.207
4211,621.1,29478.174
4212,621.2,34228.095
4213,621.3,39192.428
4214,621.4,44256.432
4215,621.5,49283.635
4216,621.6,54119.905
4217,621.7,58607.087
4218,621.8,62578.915
4219,621.9,65905.137
4220,622.0,68438.281
4221,622.1,70082.377
4222,622.2,70784.29
4223,622.3,70492.33
4224,622.4,69250.0
4225,622.5,67090.0
4226,622.6,64110.0
4227,622.7,60447.705
4228,622.8,56262.011
4229,622.9,51709.042
4230,623.0,46979.09
4231,623.1,42269.776
4232,623.2,37772.285
4233,623.3,33657.633
4234,623.4,30120.545
4235,623.5,27337.982
4236,623.6,25477.925
4237,623.7,24722.091
4238,623.8,25268.921
4239,623.9,27305.077
4240,624.0,31032.991
4241,624.1,36681.703
4242,624.2,44444.824
4243,624.3,54552.386
4244,624.4,67179.144
4245,624.5,82477.632
4246,624.6,100555.306
4247,624.7,121366.292
4248,624.8,144909.746
4249,624.9,170800.0
4250,625.0,198800.0
4251,625.1,228500.0
4252,625.2,258974.231
4253,625.3,289762.053
4254,625.4,319806.347
4255,625.5,348201.004
4256,625.6,374014.806
4257,625.7,396415.244
4258,625.8,414517.576
4259,625.9,427569.693
4260,626.0,435099.12
4261,626.1,436807.258
4262,626.2,432675.032
4263,626.3,422762.384
4264,626.4,407553.616
4265,626.5,387621.915
4266,626.6,363724.939
4267,626.7,336685.194
4268,626.8,307445.309
4269,626.9,277042.291
4270,627.0,246316.203
4271,627.1,216038.695
4272,627.2,186919.624
4273,627.3,159620.535
4274,627.4,134400.0
4275,627.5,111700.0
4276,627.6,91570.0
4277,627.7,74066.814
4278,627.8,59115.327
4279,627.9,46547.121
4280,628.0,36156.207
4281,628.1,27713.921
4282,628.2,20956.086
4283,628.3,15640.678
4284,628.4,11513.37
4285,628.5,8361.977
4286,628.6,5993.962
4287,628.7,4238.721
4288,628.8,2958.611
4289,628.9,2038.577
4290,629.0,1386.795
4291,629.1,933.09
4292,629.2,621.656
4293,629.3,411.354
4294,629.4,272.191
4295,629.5,181.773
4296,629.6,124.74
4297,629.7,89.925
4298,629.8,69.831
4299,629.9,59.32
4300,630.0,54.89
4301,630.1,54.24
4302,630.2,55.802
4303,630.3,58.522
4304,630.4,61.696
4305,630.5,64.835
4306,630.6,67.574
4307,630.7,69.687
4308,630.8,71.003
4309,630.9,71.417
4310,631.0,70.904
4311,631.1,69.461
4312,631.2,67.128
4313,631.3,64.01
4314,631.4,60.211
4315,631.5,55.871
4316,631.6,51.148
4317,631.7,46.198
4318,631.8,41.159
4319,631.9,36.17
4320,632.0,31.361
4321,632.1,26.828
4322,632.2,22.638
4323,632.3,18.847
4324,632.4,15.47
4325,632.5,12.54
4326,632.6,10.02
4327,632.7,7.898
4328,632.8,6.143
4329,632.9,4.713
4330,633.0,3.567
4331,633.1,2.664
4332,633.2,1.962
4333,633.3,1.425
4334,633.4,1.022
4335,633.5,0.723
4336,633.6,0.504
4337,633.7,0.347
4338,633.8,0.236
4339,633.9,0.158
4340,634.0,0.104
4341,634.1,0.068
4342,634.2,0.044
4343,634.3,0.028
4344,634.4,0.017
4345,634.5,0.011
4346,634.6,0.007
4347,634.7,0.004
4348,634.8,0.002
4349,634.9,0.001
4350,635.0,0.001
4351,635.1,0.0
4352,635.2,0.0
4353,635.3,0.0
4354,635.4,0.0
4355,635.5,0.0
4356,635.6,0.0
4357,635.7,0.0
4358,635.8,0.0
4359,635.9,0.0
4360,636.0,0.0
4361,636.1,0.0
4362,636.2,0.0
4363,636.3,0.0
4364,636.4,0.0
4365,636.5,0.0
4366,636.6,0.0
4367,636.7,0.0
4368,636.8,0.0
4369,636.9,0.0
4370,637.0,0.0
4371,637.1,0.0
4372,637.2,0.0
4373,637.3,0.0
4374,637.4,0.0
4375,637.5,0.0
4376,637.6,0.0
4377,637.7,0.0
4378,637.8,0.0
4379,637.9,0.0
4380,638.0,0.0
4381,638.1,0.0
4382,638.2,0.0
4383,638.3,0.0
4384,638.4,0.0
4385,638.5,0.0
4386,638.6,0.0
4387,638.7,0.0
4388,638.8,0.0
4389,638.9,0.0
4390,639.0,0.001
4391,639.1,0.001
4392,639.2,0.002
4393,639.3,0.002
4394,639.4,0.004
4395,639.5,0.006
4396,639.6,0.01
4397,639.7,0.015
4398,639.8,0.023
4399,639.9,0.035
4400,640.0,0.052
4401,640.1,0.077
4402,640.2,0.111
4403,640.3,0.159
4404,640.4,0.225
4405,640.5,0.313
4406,640.6,0.43
4407,640.7,0.583
4408,640.8,0.781
4409,640.9,1.031
4410,641.0,1.344
4411,641.1,1.731
4412,641.2,2.2
4413,641.3,2.758
4414,641.4,3.414
4415,641.5,4.17
4416,641.6,5.028
4417,641.7,5.984
4418,641.8,7.028
4419,641.9,8.148
4420,642.0,9.323
4421,642.1,10.527
4422,642.2,11.74
4423,642.3,12.916
4424,642.4,14.02
4425,642.5,15.03
4426,642.6,15.9
4427,642.7,16.601
4428,642.8,17.102
4429,642.9,17.401
4430,643.0,17.466
4431,643.1,17.309
4432,643.2,16.924
4433,643.3,16.344
4434,643.4,15.57
4435,643.5,14.64
4436,643.6,13.588
4437,643.7,12.453
4438,643.8,11.257
4439,643.9,10.044
4440,644.0,8.847
4441,644.1,7.692
4442,644.2,6.6
4443,644.3,5.59
4444,644.4,4.673
4445,644.5,3.855
4446,644.6,3.14
4447,644.7,2.523
4448,644.8,2.002
4449,644.9,1.567
4450,645.0,1.211
4451,645.1,0.924
4452,645.2,0.696
4453,645.3,0.517
4454,645.4,0.379
4455,645.5,0.274
4456,645.6,0.196
4457,645.7,0.138
4458,645.8,0.096
4459,645.9,0.066
4460,646.0,0.045
4461,646.1,0.03
4462,646.2,0.02
4463,646.3,0.013
4464,646.4,0.008
4465,646.5,0.005
4466,646.6,0.003
4467,646.7,0.002
4468,646.8,0.001
4469,646.9,0.001
4470,647.0,0.0
4471,647.1,0.0
4472,647.2,0.0
4473,647.3,0.0
4474,647.4,0.0
4475,647.5,0.0
4476,647.6,0.0
4477,647.7,0.0
4478,647.8,0.0
4479,647.9,0.0
4480,648.0,0.0
4481,648.1,0.0
4482,648.2,0.0
4483,648.3,0.0
4484,648.4,0.0
4485,648.5,0.0
4486,648.6,0.0
4487,648.7,0.001
4488,648.8,0.001
4489,648.9,0.002
4490,649.0,0.004
4491,649.1,0.007
4492,649.2,0.012
4493,649.3,0.022
4494,649.4,0.039
4495,649.5,0.068
4496,649.6,0.117
4497,649.7,0.198
4498,649.8,0.332
4499,649.9,0.548
4500,650.0,0.894
4501,650.1,1.441
4502,650.2,2.293
4503,650.3,3.601
4504,650.4,5.585
4505,650.5,8.554
4506,650.6,12.937
4507,650.7,19.328
4508,650.8,28.501
4509,650.9,41.507
4510,651.0,59.677
4511,651.1,84.741
4512,651.2,118.793
4513,651.3,164.516
4514,651.4,224.938
4515,651.5,303.705
4516,651.6,405.049
4517,651.7,533.392
4518,651.8,693.722
4519,651.9,891.025
4520,652.0,1130.634
4521,652.1,1416.736
4522,652.2,1754.328
4523,652.3,2145.703
4524,652.4,2595.0
4525,652.5,3100.0
4526,652.6,3662.0
4527,652.7,4277.831
4528,652.8,4942.655
4529,652.9,5653.421
4530,653.0,6402.736
4531,653.1,7186.196
4532,653.2,7998.153
4533,653.3,8834.619
4534,653.4,9698.061
4535,653.5,10590.364
4536,653.6,11513.17
4537,653.7,12481.604
4538,653.8,13516.362
4539,653.9,14621.748
4540,654.0,15831.946
4541,654.1,17158.636
4542,654.2,18614.785
4543,654.3,20217.425
4544,654.4,21987.278
4545,654.5,23901.621
4546,654.6,25945.896
4547,654.7,28108.974
4548,654.8,30343.76
4549,654.9,32610.0
4550,655.0,34820.0
4551,655.1,36930.0
4552,655.2,38862.413
4553,655.3,40534.452
4554,655.4,41890.731
4555,655.5,42848.951
4556,655.6,43378.703
4557,655.7,43439.194
4558,655.8,43023.545
4559,655.9,42117.777
4560,656.0,40751.435
4561,656.1,38970.436
4562,656.2,36827.778
4563,656.3,34383.483
4564,656.4,31711.925
4565,656.5,28899.894
4566,656.6,26010.531
4567,656.7,23123.714
4568,656.8,20312.254
4569,656.9,17619.392
4570,657.0,15100.404
4571,657.1,12778.857
4572,657.2,10677.131
4573,657.3,8814.265
4574,657.4,7186.0
4575,657.5,5787.0
4576,657.6,4602.0
4577,657.7,3614.61
4578,657.8,2804.243
4579,657.9,2148.26
4580,658.0,1626.053
4581,658.1,1214.782
4582,658.2,896.586
4583,658.3,653.521
4584,658.4,470.477
4585,658.5,334.53
4586,658.6,234.897
4587,658.7,162.869
4588,658.8,111.548
4589,658.9,75.457
4590,659.0,50.407
4591,659.1,33.262
4592,659.2,21.67
4593,659.3,13.945
4594,659.4,8.863
4595,659.5,5.562
4596,659.6,3.448
4597,659.7,2.11
4598,659.8,1.276
4599,659.9,0.762
4600,660.0,0.449
4601,660.1,0.262
4602,660.2,0.151
4603,660.3,0.086
4604,660.4,0.048
4605,660.5,0.027
4606,660.6,0.016
4607,660.7,0.011
4608,660.8,0.01
4609,660.9,0.014
4610,661.0,0.025
4611,661.1,0.045
4612,661.2,0.083
4613,661.3,0.153
4614,661.4,0.28
4615,661.5,0.505
4616,661.6,0.9
4617,661.7,1.584
4618,661.8,2.755
4619,661.9,4.733
4620,662.0,8.033
4621,662.1,13.473
4622,662.2,22.321
4623,662.3,36.52
4624,662.4,59.06
4625,662.5,94.34
4626,662.6,148.9
4627,662.7,232.161
4628,662.8,357.635
4629,662.9,544.241
4630,663.0,818.222
4631,663.1,1215.407
4632,663.2,1783.944
4633,663.3,2586.946
4634,663.4,3707.215
4635,663.5,5248.328
4636,663.6,7341.184
4637,663.7,10143.153
4638,663.8,13853.103
4639,663.9,18699.12
4640,664.0,24932.396
4641,664.1,32849.992
4642,664.2,42764.963
4643,664.3,55023.117
4644,664.4,69970.187
4645,664.5,87925.7
4646,664.6,109227.307
4647,664.7,134014.529
4648,664.8,162630.844
4649,664.9,195000.0
4650,665.0,231200.0
4651,665.1,270900.0
4652,665.2,313923.196
4653,665.3,359464.544
4654,665.4,407152.136
4655,665.5,455895.578
4656,665.6,504865.313
4657,665.7,552951.241
4658,665.8,598896.861
4659,665.9,641597.804
4660,666.0,679976.715
4661,666.1,712965.013
4662,666.2,739571.108
4663,666.3,759203.903
4664,666.4,771219.021
4665,666.5,775285.871
4666,666.6,771473.755
4667,666.7,759847.476
4668,666.8,740912.17
4669,666.9,715274.123
4670,667.0,683656.811
4671,667.1,647034.665
4672,667.2,606437.904
4673,667.3,562884.556
4674,667.4,517300.0
4675,667.5,470900.0
4676,667.6,424600.0
4677,667.7,379108.53
4678,667.8,335205.506
4679,667.9,293560.765
4680,668.0,254545.529
4681,668.1,218669.177
4682,668.2,185923.009
4683,668.3,156546.017
4684,668.4,130547.325
4685,668.5,107749.912
4686,668.6,88008.533
4687,668.7,71181.829
4688,668.8,56981.475
4689,668.9,45130.501
4690,669.0,35375.757
4691,669.1,27437.617
4692,669.2,21057.823
4693,669.3,15981.156
4694,669.4,12002.019
4695,669.5,8913.642
4696,669.6,6546.629
4697,669.7,4756.433
4698,669.8,3416.288
4699,669.9,2426.0
4700,670.0,1704.0
4701,670.1,1183.0
4702,670.2,812.136
4703,670.3,551.234
4704,670.4,370.029
4705,670.5,245.725
4706,670.6,161.803
4707,670.7,106.056
4708,670.8,69.847
4709,670.9,47.212
4710,671.0,34.129
4711,671.1,28.055
4712,671.2,27.506
4713,671.3,31.86
4714,671.4,41.199
4715,671.5,56.182
4716,671.6,78.017
4717,671.7,108.454
4718,671.8,149.837
4719,671.9,205.017
4720,672.0,277.417
4721,672.1,371.016
4722,672.2,490.63
4723,672.3,640.968
4724,672.4,827.6
4725,672.5,1056.0
4726,672.6,1331.0
4727,672.7,1659.285
4728,672.8,2042.947
4729,672.9,2485.359
4730,673.0,2988.335
4731,673.1,3549.965
4732,673.2,4168.092
4733,673.3,4835.996
4734,673.4,5544.166
4735,673.5,6281.327
4736,673.6,7031.802
4737,673.7,7779.18
4738,673.8,8504.963
4739,673.9,9187.47
4740,674.0,9812.529
4741,674.1,10348.708
4742,674.2,10788.249
4743,674.3,11116.563
4744,674.4,11315.737
4745,674.5,11383.471
4746,674.6,11309.635
4747,674.7,11116.456
4748,674.8,10789.354
4749,674.9,10350.0
4750,675.0,9809.0
4751,675.1,9188.0
4752,675.2,8505.508
4753,675.3,7780.046
4754,675.4,7031.642
4755,675.5,6281.546
4756,675.6,5544.292
4757,675.7,4835.138
4758,675.8,4167.766
4759,675.9,3550.309
4760,676.0,2988.099
4761,676.1,2484.866
4762,676.2,2042.676
4763,676.3,1659.06
4764,676.4,1330.992
4765,676.5,1055.93
4766,676.6,827.64
4767,676.7,640.973
4768,676.8,490.577
4769,676.9,370.965
4770,677.0,277.256
4771,677.1,204.723
4772,677.2,149.426
4773,677.3,107.735
4774,677.4,76.8
4775,677.5,54.08
4776,677.6,37.63
4777,677.7,25.878
4778,677.8,17.587
4779,677.9,11.809
4780,678.0,7.837
4781,678.1,5.139
4782,678.2,3.33
4783,678.3,2.132
4784,678.4,1.349
4785,678.5,0.843
4786,678.6,0.521
4787,678.7,0.318
4788,678.8,0.192
4789,678.9,0.114
4790,679.0,0.067
4791,679.1,0.039
4792,679.2,0.023
4793,679.3,0.013
4794,679.4,0.007
4795,679.5,0.004
4796,679.6,0.002
4797,679.7,0.001
4798,679.8,0.001
4799,679.9,0.0
4800,680.0,0.0
4801,680.1,0.0
4802,680.2,0.0
4803,680.3,0.0
4804,680.4,0.0
4805,680.5,0.0
4806,680.6,0.0
4807,680.7,0.0
4808,680.8,0.001
4809,680.9,0.001
4810,681.0,0.002
4811,681.1,0.003
4812,681.2,0.006
4813,681.3,0.011
4814,681.4,0.019
4815,681.5,0.033
4816,681.6,0.057
4817,681.7,0.098
4818,681.8,0.166
4819,681.9,0.278
4820,682.0,0.459
4821,682.1,0.751
4822,682.2,1.214
4823,682.3,1.939
4824,682.4,3.062
4825,682.5,4.781
4826,682.6,7.38
4827,682.7,11.26
4828,682.8,16.986
4829,682.9,25.335
4830,683.0,37.36
4831,683.1,54.473
4832,683.2,78.512
4833,683.3,111.853
4834,683.4,157.669
4835,683.5,219.752
4836,683.6,302.762
4837,683.7,412.547
4838,683.8,556.0
4839,683.9,741.134
4840,684.0,977.716
4841,684.1,1275.803
4842,684.2,1647.893
4843,684.3,2107.694
4844,684.4,2670.653
4845,684.5,3352.662
4846,684.6,4173.297
4847,684.7,5155.02
4848,684.8,6323.678
4849,684.9,7711.0
4850,685.0,9358.0
4851,685.1,11320.0
4852,685.2,13653.11
4853,685.3,16465.601
4854,685.4,19862.204
4855,685.5,23995.206
4856,685.6,29070.801
4857,685.7,35329.632
4858,685.8,43082.628
4859,685.9,52692.913
4860,686.0,64597.618
4861,686.1,79303.444
4862,686.2,97332.8
4863,686.3,119374.875
4864,686.4,146021.411
4865,686.5,177921.328
4866,686.6,215667.045
4867,686.7,259759.952
4868,686.8,310655.805
4869,686.9,368648.83
4870,687.0,433674.131
4871,687.1,505460.886
4872,687.2,583577.096
4873,687.3,667005.06
4874,687.4,754600.0
4875,687.5,844700.0
4876,687.6,935600.0
4877,687.7,1024876.98
4878,687.8,1111309.697
4879,687.9,1190380.363
4880,688.0,1262598.89
4881,688.1,1323092.062
4882,688.2,1371115.784
4883,688.3,1405871.547
4884,688.4,1425025.935
4885,688.5,1428880.956
4886,688.6,1417200.74
4887,688.7,1389197.801
4888,688.8,1347538.775
4889,688.9,1293598.244
4890,689.0,1229272.403
4891,689.1,1156204.892
4892,689.2,1077416.886
4893,689.3,994900.294
4894,689.4,911515.006
4895,689.5,829939.268
4896,689.6,751993.254
4897,689.7,679484.041
4898,689.8,614096.098
4899,689.9,557000.0
4900,690.0,508800.0
4901,690.1,470100.0
4902,690.2,440903.834
4903,690.3,421022.327
4904,690.4,410116.612
4905,690.5,407640.429
4906,690.6,412811.877
4907,690.7,424915.298
4908,690.8,443173.311
4909,690.9,466824.349
4910,691.0,495108.61
4911,691.1,527354.438
4912,691.2,562965.832
4913,691.3,601264.058
4914,691.4,641844.059
4915,691.5,684187.65
4916,691.6,727765.496
4917,691.7,772049.069
4918,691.8,816567.519
4919,691.9,860834.798
4920,692.0,904187.312
4921,692.1,946068.428
4922,692.2,985828.864
4923,692.3,1023440.745
4924,692.4,1057000.0
4925,692.5,1087000.0
4926,692.6,1113000.0
4927,692.7,1133913.396
4928,692.8,1150356.072
4929,692.9,1160710.8
4930,693.0,1166891.168
4931,693.1,1167511.538
4932,693.2,1162052.171
4933,693.3,1152386.372
4934,693.4,1137035.445
4935,693.5,1117503.245
4936,693.6,1092269.939
4937,693.7,1063036.94
4938,693.8,1029526.893
4939,693.9,991831.686
4940,694.0,950728.912
4941,694.1,905991.69
4942,694.2,858395.2
4943,694.3,808249.558
4944,694.4,756192.689
4945,694.5,702773.129
4946,694.6,648871.332
4947,694.7,595220.022
4948,694.8,542663.498
4949,694.9,492100.0
4950,695.0,444700.0
4951,695.1,401200.0
4952,695.2,362712.382
4953,695.3,330364.293
4954,695.4,305061.544
4955,695.5,288000.376
4956,695.6,280237.25
4957,695.7,282854.031
4958,695.8,297008.902
4959,695.9,323695.197
4960,696.0,364031.372
4961,696.1,419028.853
4962,696.2,489488.056
4963,696.3,576034.91
4964,696.4,679080.385
4965,696.5,798519.712
4966,696.6,933898.887
4967,696.7,1084266.68
4968,696.8,1247613.207
4969,696.9,1422848.045
4970,697.0,1605817.027
4971,697.1,1793185.83
4972,697.2,1982233.833
4973,697.3,2166940.226
4974,697.4,2343000.0
4975,697.5,2506000.0
4976,697.6,2652000.0
4977,697.7,2774144.593
4978,697.8,2871461.811
4979,697.9,2938960.694
4980,698.0,2974575.946
4981,698.1,2978089.394
4982,698.2,2948722.503
4983,698.3,2887449.851
4984,698.4,2796825.175
4985,698.5,2678465.442
4986,698.6,2537384.099
4987,698.7,2377907.256
4988,698.8,2203265.076
4989,698.9,2018544.898
4990,699.0,1829621.34
4991,699.1,1640519.198
4992,699.2,1453719.745
4993,699.3,1274794.482
4994,699.4,1105546.649
4995,699.5,948002.644
4996,699.6,804086.554
4997,699.7,674453.042
4998,699.8,559587.699
4999,699.9,459100.0
5000,700.0,372600.0
5001,700.1,299000.0
5002,700.2,237336.848
5003,700.3,186339.713
5004,700.4,144649.655
5005,700.5,111075.999
5006,700.6,84380.19
5007,700.7,63376.752
5008,700.8,47076.771
5009,700.9,34586.944
5010,701.0,25136.153
5011,701.1,18061.057
5012,701.2,12839.789
5013,701.3,9024.773
5014,701.4,6274.305
5015,701.5,4314.717
5016,701.6,2934.093
5017,701.7,1973.85
5018,701.8,1313.602
5019,701.9,864.272
5020,702.0,562.525
5021,702.1,362.242
5022,702.2,230.798
5023,702.3,145.535
5024,702.4,90.81
5025,702.5,56.11
5026,702.6,34.35
5027,702.7,20.855
5028,702.8,12.574
5029,702.9,7.539
5030,703.0,4.508
5031,703.1,2.698
5032,703.2,1.623
5033,703.3,0.988
5034,703.4,0.611
5035,703.5,0.387
5036,703.6,0.253
5037,703.7,0.17
5038,703.8,0.118
5039,703.9,0.084
5040,704.0,0.062
5041,704.1,0.047
5042,704.2,0.036
5043,704.3,0.029
5044,704.4,0.025
5045,704.5,0.024
5046,704.6,0.024
5047,704.7,0.027
5048,704.8,0.032
5049,704.9,0.039
5050,705.0,0.05
5051,705.1,0.063
5052,705.2,0.08
5053,705.3,0.101
5054,705.4,0.126
5055,705.5,0.156
5056,705.6,0.192
5057,705.7,0.233
5058,705.8,0.28
5059,705.9,0.333
5060,706.0,0.392
5061,706.1,0.457
5062,706.2,0.526
5063,706.3,0.6
5064,706.4,0.676
5065,706.5,0.754
5066,706.6,0.832
5067,706.7,0.908
5068,706.8,0.98
5069,706.9,1.047
5070,707.0,1.106
5071,707.1,1.156
5072,707.2,1.196
5073,707.3,1.224
5074,707.4,1.238
5075,707.5,1.239
5076,707.6,1.227
5077,707.7,1.203
5078,707.8,1.166
5079,707.9,1.118
5080,708.0,1.06
5081,708.1,0.994
5082,708.2,0.923
5083,708.3,0.847
5084,708.4,0.77
5085,708.5,0.692
5086,708.6,0.615
5087,708.7,0.541
5088,708.8,0.47
5089,708.9,0.405
5090,709.0,0.344
5091,709.1,0.29
5092,709.2,0.242
5093,709.3,0.199
5094,709.4,0.162
5095,709.5,0.131
5096,709.6,0.104
5097,709.7,0.082
5098,709.8,0.064
5099,709.9,0.05
5100,710.0,0.038
5101,710.1,0.029
5102,710.2,0.021
5103,710.3,0.016
5104,710.4,0.012
5105,710.5,0.008
5106,710.6,0.006
5107,710.7,0.004
5108,710.8,0.003
5109,710.9,0.002
5110,711.0,0.001
5111,711.1,0.001
5112,711.2,0.001
5113,711.3,0.0
5114,711.4,0.0
5115,711.5,0.0
5116,711.6,0.0
5117,711.7,0.0
5118,711.8,0.0
5119,711.9,0.0
5120,712.0,0.0
5121,712.1,0.0
5122,712.2,0.0
5123,712.3,0.0
5124,712.4,0.0
5125,712.5,0.0
5126,712.6,0.0
5127,712.7,0.0
5128,712.8,0.0
5129,712.9,0.0
5130,713.0,0.0
5131,713.1,0.0
5132,713.2,0.0
5133,713.3,0.0
5134,713.4,0.0
5135,713.5,0.0
5136,713.6,0.0
5137,713.7,0.0
5138,713.8,0.0
5139,713.9,0.0
5140,714.0,0.0
5141,714.1,0.0
5142,714.2,0.0
5143,714.3,0.0
5144,714.4,0.0
5145,714.5,0.0
5146,714.6,0.0
5147,714.7,0.0
5148,714.8,0.0
5149,714.9,0.0
5150,715.0,0.0
5151,715.1,0.0
5152,715.2,0.001
5153,715.3,0.002
5154,715.4,0.003
5155,715.5,0.005
5156,715.6,0.009
5157,715.7,0.016
5158,715.8,0.028
5159,715.9,0.048
5160,716.0,0.082
5161,716.1,0.139
5162,716.2,0.234
5163,716.3,0.389
5164,716.4,0.64
5165,716.5,1.043
5166,716.6,1.682
5167,716.7,2.684
5168,716.8,4.239
5169,716.9,6.627
5170,717.0,10.249
5171,717.1,15.695
5172,717.2,23.785
5173,717.3,35.675
5174,717.4,52.96
5175,717.5,77.8
5176,717.6,113.1
5177,717.7,162.746
5178,717.8,231.857
5179,717.9,326.821
5180,718.0,455.931
5181,718.1,629.679
5182,718.2,860.461
5183,718.3,1163.573
5184,718.4,1558.412
5185,718.5,2065.407
5186,718.6,2708.862
5187,718.7,3517.279
5188,718.8,4519.65
5189,718.9,5748.783
5190,719.0,7237.034
5191,719.1,9019.897
5192,719.2,11121.974
5193,719.3,13579.388
5194,719.4,16415.777
5195,719.5,19646.569
5196,719.6,23268.794
5197,719.7,27278.52
5198,719.8,31653.15
5199,719.9,36370.0
5200,720.0,41370.0
5201,720.1,46580.0
5202,720.2,51928.483
5203,720.3,57317.51
5204,720.4,62630.561
5205,720.5,67756.007
5206,720.6,72583.875
5207,720.7,76978.622
5208,720.8,80847.902
5209,720.9,84075.625
5210,721.0,86581.538
5211,721.1,88296.565
5212,721.2,89171.213
5213,721.3,89196.383
5214,721.4,88371.957
5215,721.5,86731.243
5216,721.6,84335.13
5217,721.7,81261.434
5218,721.8,77597.475
5219,721.9,73461.829
5220,722.0,68986.0
5221,722.1,64285.238
5222,722.2,59498.054
5223,722.3,54757.485
5224,722.4,50170.0
5225,722.5,45860.0
5226,722.6,41930.0
5227,722.7,38456.021
5228,722.8,35521.69
5229,722.9,33170.57
5230,723.0,31457.714
5231,723.1,30391.67
5232,723.2,30000.22
5233,723.3,30255.849
5234,723.4,31153.744
5235,723.5,32645.144
5236,723.6,34694.654
5237,723.7,37233.653
5238,723.8,40183.497
5239,723.9,43465.123
5240,724.0,46991.996
5241,724.1,50659.995
5242,724.2,54357.539
5243,724.3,57997.084
5244,724.4,61458.453
5245,724.5,64643.365
5246,724.6,67467.19
5247,724.7,69832.219
5248,724.8,71658.443
5249,724.9,72910.0
5250,725.0,73540.0
5251,725.1,73510.0
5252,725.2,72833.502
5253,725.3,71520.565
5254,725.4,69600.013
5255,725.5,67121.04
5256,725.6,64138.15
5257,725.7,60740.16
5258,725.8,56996.642
5259,725.9,52997.861
5260,726.0,48828.243
5261,726.1,44569.009
5262,726.2,40305.054
5263,726.3,36119.088
5264,726.4,32061.43
5265,726.5,28200.501
5266,726.6,24570.045
5267,726.7,21202.911
5268,726.8,18132.681
5269,726.9,15359.522
5270,727.0,12880.02
5271,727.1,10700.354
5272,727.2,8811.104
5273,727.3,7183.134
5274,727.4,5799.0
5275,727.5,4637.0
5276,727.6,3672.0
5277,727.7,2879.884
5278,727.8,2236.707
5279,727.9,1719.751
5280,728.0,1309.636
5281,728.1,987.806
5282,728.2,737.377
5283,728.3,545.18
5284,728.4,399.094
5285,728.5,289.245
5286,728.6,207.562
5287,728.7,147.518
5288,728.8,103.782
5289,728.9,72.268
5290,729.0,49.833
5291,729.1,34.02
5292,729.2,22.997
5293,729.3,15.392
5294,729.4,10.21
5295,729.5,6.72
5296,729.6,4.402
5297,729.7,2.897
5298,729.8,1.956
5299,729.9,1.418
5300,730.0,1.188
5301,730.1,1.225
5302,730.2,1.537
5303,730.3,2.186
5304,730.4,3.292
5305,730.5,5.059
5306,730.6,7.8
5307,730.7,11.984
5308,730.8,18.315
5309,730.9,27.787
5310,731.0,41.853
5311,731.1,62.61
5312,731.2,92.97
5313,731.3,137.114
5314,731.4,200.835
5315,731.5,292.116
5316,731.6,421.931
5317,731.7,605.229
5318,731.8,862.06
5319,731.9,1219.496
5320,732.0,1713.018
5321,732.1,2389.715
5322,732.2,3308.921
5323,732.3,4548.741
5324,732.4,6208.0
5325,732.5,8410.0
5326,732.6,11310.0
5327,732.7,15083.394
5328,732.8,19964.043
5329,732.9,26203.242
5330,733.0,34136.603
5331,733.1,44091.503
5332,733.2,56477.291
5333,733.3,71735.124
5334,733.4,90328.153
5335,733.5,112775.951
5336,733.6,139559.028
5337,733.7,171081.668
5338,733.8,207939.369
5339,733.9,250474.062
5340,734.0,298843.738
5341,734.1,353346.71
5342,734.2,413964.021
5343,734.3,480395.463
5344,734.4,552230.781
5345,734.5,628875.659
5346,734.6,709346.944
5347,734.7,792487.218
5348,734.8,876949.073
5349,734.9,961000.0
5350,735.0,1043000.0
5351,735.1,1121000.0
5352,735.2,1193922.395
5353,735.3,1258020.857
5354,735.4,1313274.559
5355,735.5,1358012.864
5356,735.6,1390422.056
5357,735.7,1409102.123
5358,735.8,1414245.675
5359,735.9,1405868.548
5360,736.0,1383923.397
5361,736.1,1349377.297
5362,736.2,1302218.484
5363,736.3,1245188.683
5364,736.4,1178733.078
5365,736.5,1105019.318
5366,736.6,1026285.159
5367,736.7,944547.608
5368,736.8,861557.386
5369,736.9,779225.272
5370,737.0,699340.745
5371,737.1,623526.755
5372,737.2,553367.243
5373,737.3,489838.017
5374,737.4,434200.0
5375,737.5,387200.0
5376,737.6,349600.0
5377,737.7,322115.486
5378,737.8,305080.234
5379,737.9,298975.751
5380,738.0,304137.091
5381,738.1,320766.497
5382,738.2,349127.943
5383,738.3,389131.824
5384,738.4,440830.915
5385,738.5,504056.723
5386,738.6,578488.823
5387,738.7,663393.857
5388,738.8,757935.667
5389,738.9,860989.252
5390,739.0,971281.562
5391,739.1,1086717.534
5392,739.2,1205143.904
5393,739.3,1324574.487
5394,739.4,1441124.498
5395,739.5,1554075.708
5396,739.6,1660046.535
5397,739.7,1755122.736
5398,739.8,1838415.843
5399,739.9,1907000.0
5400,740.0,1958000.0
5401,740.1,1991000.0
5402,740.2,2004462.497
5403,740.3,1998558.837
5404,740.4,1973326.117
5405,740.5,1928690.831
5406,740.6,1867477.228
5407,740.7,1790027.17
5408,740.8,1698408.23
5409,740.9,1596091.65
5410,741.0,1484974.845
5411,741.1,1368875.953
5412,741.2,1248553.81
5413,741.3,1127738.223
5414,741.4,1008975.607
5415,741.5,893852.79
5416,741.6,784061.839
5417,741.7,681094.268
5418,741.8,585993.159
5419,741.9,499378.827
5420,742.0,421507.982
5421,742.1,352536.273
5422,742.2,292267.946
5423,742.3,240177.978
5424,742.4,195800.0
5425,742.5,158600.0
5426,742.6,127700.0
5427,742.7,102512.329
5428,742.8,82176.228
5429,742.9,66049.644
5430,743.0,53481.379
5431,743.1,43864.705
5432,743.2,36649.114
5433,743.3,31376.995
5434,743.4,27635.1
5435,743.5,25058.645
5436,743.6,23361.906
5437,743.7,22310.494
5438,743.8,21696.736
5439,743.9,21351.366
5440,744.0,21156.847
5441,744.1,21015.609
5442,744.2,20844.735
5443,744.3,20595.334
5444,744.4,20236.109
5445,744.5,19753.854
5446,744.6,19122.657
5447,744.7,18362.773
5448,744.8,17475.817
5449,744.9,16470.0
5450,745.0,15390.0
5451,745.1,14240.0
5452,745.2,13049.584
5453,745.3,11839.128
5454,745.4,10642.99
5455,745.5,9477.69
5456,745.6,8355.094
5457,745.7,7295.041
5458,745.8,6306.713
5459,745.9,5399.905
5460,746.0,4578.995
5461,746.1,3844.726
5462,746.2,3196.505
5463,746.3,2632.127
5464,746.4,2146.657
5465,746.5,1733.374
5466,746.6,1386.394
5467,746.7,1097.342
5468,746.8,860.497
5469,746.9,668.428
5470,747.0,513.968
5471,747.1,391.483
5472,747.2,295.176
5473,747.3,220.448
5474,747.4,163.1
5475,747.5,119.4
5476,747.6,86.62
5477,747.7,62.218
5478,747.8,44.256
5479,747.9,31.171
5480,748.0,21.747
5481,748.1,15.026
5482,748.2,10.289
5483,748.3,6.971
5484,748.4,4.685
5485,748.5,3.119
5486,748.6,2.06
5487,748.7,1.351
5488,748.8,0.882
5489,748.9,0.574
5490,749.0,0.375
5491,749.1,0.248
5492,749.2,0.168
5493,749.3,0.118
5494,749.4,0.088
5495,749.5,0.071
5496,749.6,0.061
5497,749.7,0.056
5498,749.8,0.054
5499,749.9,0.054
5500,750.0,0.054
5501,750.1,0.056
5502,750.2,0.057
5503,750.3,0.058
5504,750.4,0.06
5505,750.5,0.061
5506,750.6,0.062
5507,750.7,0.062
5508,750.8,0.062
5509,750.9,0.062
5510,751.0,0.061
5511,751.1,0.06
5512,751.2,0.058
5513,751.3,0.056
5514,751.4,0.054
5515,751.5,0.052
5516,751.6,0.049
5517,751.7,0.046
5518,751.8,0.043
5519,751.9,0.04
5520,752.0,0.037
5521,752.1,0.034
5522,752.2,0.032
5523,752.3,0.029
5524,752.4,0.027
5525,752.5,0.025
5526,752.6,0.023
5527,752.7,0.022
5528,752.8,0.021
5529,752.9,0.02
5530,753.0,0.02
5531,753.1,0.02
5532,753.2,0.02
5533,753.3,0.021
5534,753.4,0.022
5535,753.5,0.023
5536,753.6,0.024
5537,753.7,0.026
5538,753.8,0.027
5539,753.9,0.029
5540,754.0,0.03
5541,754.1,0.032
5542,754.2,0.033
5543,754.3,0.034
5544,754.4,0.035
5545,754.5,0.035
5546,754.6,0.035
5547,754.7,0.035
5548,754.8,0.035
5549,754.9,0.034
5550,755.0,0.033
5551,755.1,0.032
5552,755.2,0.03
5553,755.3,0.029
5554,755.4,0.027
5555,755.5,0.025
5556,755.6,0.023
5557,755.7,0.021
5558,755.8,0.019
5559,755.9,0.017
5560,756.0,0.015
5561,756.1,0.013
5562,756.2,0.011
5563,756.3,0.009
5564,756.4,0.008
5565,756.5,0.007
5566,756.6,0.006
5567,756.7,0.005
5568,756.8,0.004
5569,756.9,0.003
5570,757.0,0.002
5571,757.1,0.002
5572,757.2,0.002
5573,757.3,0.001
5574,757.4,0.001
5575,757.5,0.001
5576,757.6,0.001
5577,757.7,0.0
5578,757.8,0.0
5579,757.9,0.0
5580,758.0,0.0
5581,758.1,0.0
5582,758.2,0.0
5583,758.3,0.0
5584,758.4,0.0
5585,758.5,0.0
5586,758.6,0.0
5587,758.7,0.0
5588,758.8,0.0
5589,758.9,0.0
5590,759.0,0.0
5591,759.1,0.0
5592,759.2,0.0
5593,759.3,0.001
5594,759.4,0.001
5595,759.5,0.002
5596,759.6,0.004
5597,759.7,0.008
5598,759.8,0.014
5599,759.9,0.027
5600,760.0,0.05
5601,760.1,0.092
5602,760.2,0.169
5603,760.3,0.306
5604,760.4,0.548
5605,760.5,0.975
5606,760.6,1.717
5607,760.7,2.994
5608,760.8,5.176
5609,760.9,8.866
5610,761.0,15.044
5611,761.1,25.309
5612,761.2,42.166
5613,761.3,69.622
5614,761.4,113.88
5615,761.5,184.592
5616,761.6,296.515
5617,761.7,471.879
5618,761.8,744.003
5619,761.9,1162.835
5620,762.0,1799.814
5621,762.1,2760.599
5622,762.2,4195.876
5623,762.3,6318.252
5624,762.4,9428.0
5625,762.5,13940.0
5626,762.6,20420.0
5627,762.7,29641.687
5628,762.8,42623.88
5629,762.9,60742.068
5630,763.0,85769.422
5631,763.1,120019.608
5632,763.2,166358.466
5633,763.3,228457.569
5634,763.4,310997.491
5635,763.5,419330.267
5636,763.6,560282.772
5637,763.7,741676.019
5638,763.8,973257.358
5639,763.9,1264903.722
5640,764.0,1629088.912
5641,764.1,2078449.944
5642,764.2,2628188.113
5643,764.3,3293062.244
5644,764.4,4087188.16
5645,764.5,5027203.971
5646,764.6,6126932.251
5647,764.7,7397869.624
5648,764.8,8852652.837
5649,764.9,10489999.999
5650,765.0,12329999.999
5651,765.1,14349999.999
5652,765.2,16547842.059
5653,765.3,18912753.521
5654,765.4,21409436.161
5655,765.5,24018808.715
5656,765.6,26700619.656
5657,765.7,29413428.323
5658,765.8,32100746.961
5659,765.9,34711932.968
5660,766.0,37195065.258
5661,766.1,39490875.448
5662,766.2,41546085.858
5663,766.3,43312442.577
5664,766.4,44740131.162
5665,766.5,45798316.52
5666,766.6,46453575.356
5667,766.7,46698154.874
5668,766.8,46522627.692
5669,766.9,45943521.27
5670,767.0,44969036.529
5671,767.1,43643117.754
5672,767.2,42009181.741
5673,767.3,40103116.174
5674,767.4,37990000.001
5675,767.5,35730000.001
5676,767.6,33390000.001
5677,767.7,31034750.396
5678,767.8,28711699.477
5679,767.9,26497724.604
5680,768.0,24430255.43
5681,768.1,22551184.515
5682,768.2,20901856.046
5683,768.3,19509098.879
5684,768.4,18380499.109
5685,768.5,17539108.422
5686,768.6,16974211.043
5687,768.7,16677671.686
5688,768.8,16638242.179
5689,768.9,16813873.016
5690,769.0,17183194.671
5691,769.1,17722421.43
5692,769.2,18377612.982
5693,769.3,19109789.761
5694,769.4,19884528.612
5695,769.5,20651080.312
5696,769.6,21373413.439
5697,769.7,22020856.023
5698,769.8,22554369.39
5699,769.9,22940000.0
5700,770.0,23160000.0
5701,770.1,23200000.0
5702,770.2,23056677.22
5703,770.3,22718268.002
5704,770.4,22200829.587
5705,770.5,21495910.578
5706,770.6,20636460.018
5707,770.7,19635590.842
5708,770.8,18511754.48
5709,770.9,17299228.057
5710,771.0,16020426.451
5711,771.1,14701799.552
5712,771.2,13374826.424
5713,771.3,12050406.744
5714,771.4,10761763.892
5715,771.5,9522643.911
5716,771.6,8349532.432
5717,771.7,7255827.632
5718,771.8,6247715.768
5719,771.9,5331151.746
5720,772.0,4507590.157
5721,772.1,3776335.483
5722,772.2,3135273.594
5723,772.3,2580112.396
5724,772.4,2103000.0
5725,772.5,1699000.0
5726,772.6,1360000.0
5727,772.7,1079272.09
5728,772.8,848048.999
5729,772.9,660568.375
5730,773.0,509890.682
5731,773.1,389923.623
5732,773.2,295562.027
5733,773.3,221970.134
5734,773.4,165196.048
5735,773.5,121760.34
5736,773.6,89002.85
5737,773.7,64454.434
5738,773.8,46245.512
5739,773.9,32884.32
5740,774.0,23169.779
5741,774.1,16178.178
5742,774.2,11189.734
5743,774.3,7671.355
5744,774.4,5212.342
5745,774.5,3508.425
5746,774.6,2340.298
5747,774.7,1547.452
5748,774.8,1013.483
5749,774.9,657.8
5750,775.0,423.1
5751,775.1,269.6
5752,775.2,170.315
5753,775.3,106.54
5754,775.4,66.091
5755,775.5,40.611
5756,775.6,24.731
5757,775.7,14.92
5758,775.8,8.921
5759,775.9,5.286
5760,776.0,3.103
5761,776.1,1.806
5762,776.2,1.041
5763,776.3,0.594
5764,776.4,0.337
5765,776.5,0.189
5766,776.6,0.105
5767,776.7,0.058
5768,776.8,0.032
5769,776.9,0.017
5770,777.0,0.009
5771,777.1,0.005
5772,777.2,0.003
5773,777.3,0.001
5774,777.4,0.001
5775,777.5,0.0
5776,777.6,0.0
5777,777.7,0.0
5778,777.8,0.0
5779,777.9,0.0
5780,778.0,0.0
5781,778.1,0.0
5782,778.2,0.0
5783,778.3,0.0
5784,778.4,0.0
5785,778.5,0.0
5786,778.6,0.0
5787,778.7,0.0
5788,778.8,0.0
5789,778.9,0.0
5790,779.0,0.0
5791,779.1,0.0
5792,779.2,0.0
5793,779.3,0.0
5794,779.4,0.0
5795,779.5,0.0
5796,779.6,0.0
5797,779.7,0.0
5798,779.8,0.0
5799,779.9,0.0
5800,780.0,0.0
5801,780.1,0.0
5802,780.2,0.0
5803,780.3,0.0
5804,780.4,0.0
5805,780.5,0.0
5806,780.6,0.0
5807,780.7,0.0
5808,780.8,0.0
5809,780.9,0.0
5810,781.0,0.0
5811,781.1,0.0
5812,781.2,0.0
5813,781.3,0.0
5814,781.4,0.0
5815,781.5,0.0
5816,781.6,0.0
5817,781.7,0.0
5818,781.8,0.0
5819,781.9,0.0
5820,782.0,0.0
5821,782.1,0.0
5822,782.2,0.0
5823,782.3,0.0
5824,782.4,0.0
5825,782.5,0.0
5826,782.6,0.0
5827,782.7,0.0
5828,782.8,0.0
5829,782.9,0.0
5830,783.0,0.0
5831,783.1,0.0
5832,783.2,0.0
5833,783.3,0.0
5834,783.4,0.0
5835,783.5,0.0
5836,783.6,0.0
5837,783.7,0.0
5838,783.8,0.0
5839,783.9,0.0
5840,784.0,0.0
5841,784.1,0.0
5842,784.2,0.0
5843,784.3,0.0
5844,784.4,0.0
5845,784.5,0.0
5846,784.6,0.0
5847,784.7,0.0
5848,784.8,0.0
5849,784.9,0.0
5850,785.0,0.0
5851,785.1,0.0
5852,785.2,0.0
5853,785.3,0.0
5854,785.4,0.0
5855,785.5,0.0
5856,785.6,0.0
5857,785.7,0.0
5858,785.8,0.0
5859,785.9,0.0
5860,786.0,0.0
5861,786.1,0.0
5862,786.2,0.0
5863,786.3,0.0
5864,786.4,0.0
5865,786.5,0.0
5866,786.6,0.0
5867,786.7,0.0
5868,786.8,0.0
5869,786.9,0.0
5870,787.0,0.0
5871,787.1,0.0
5872,787.2,0.0
5873,787.3,0.0
5874,787.4,0.0
5875,787.5,0.0
5876,787.6,0.0
5877,787.7,0.0
5878,787.8,0.0
5879,787.9,0.0
5880,788.0,0.0
5881,788.1,0.0
5882,788.2,0.0
5883,788.3,0.0
5884,788.4,0.0
5885,788.5,0.0
5886,788.6,0.0
5887,788.7,0.0
5888,788.8,0.0
5889,788.9,0.0
5890,789.0,0.0
5891,789.1,0.0
5892,789.2,0.0
5893,789.3,0.0
5894,789.4,0.0
5895,789.5,0.0
5896,789.6,0.0
5897,789.7,0.0
5898,789.8,0.0
5899,789.9,0.0
5900,790.0,0.0
5901,790.1,0.0
5902,790.2,0.0
5903,790.3,0.0
5904,790.4,0.0
5905,790.5,0.0
5906,790.6,0.0
5907,790.7,0.0
5908,790.8,0.0
5909,790.9,0.0
5910,791.0,0.0
5911,791.1,0.0
5912,791.2,0.0
5913,791.3,0.0
5914,791.4,0.0
5915,791.5,0.0
5916,791.6,0.0
5917,791.7,0.0
5918,791.8,0.0
5919,791.9,0.0
5920,792.0,0.0
5921,792.1,0.0
5922,792.2,0.0
5923,792.3,0.0
5924,792.4,0.0
5925,792.5,0.0
5926,792.6,0.0
5927,792.7,0.0
5928,792.8,0.0
5929,792.9,0.0
5930,793.0,0.0
5931,793.1,0.0
5932,793.2,0.0
5933,793.3,0.0
5934,793.4,0.0
5935,793.5,0.0
5936,793.6,0.0
5937,793.7,0.0
5938,793.8,0.0
5939,793.9,0.0
5940,794.0,0.0
5941,794.1,0.0
5942,794.2,0.0
5943,794.3,0.0
5944,794.4,0.0
5945,794.5,0.0
5946,794.6,0.0
5947,794.7,0.0
5948,794.8,0.0
5949,794.9,0.0
5950,795.0,0.0
5951,795.1,0.0
5952,795.2,0.0
5953,795.3,0.0
5954,795.4,0.0
5955,795.5,0.0
5956,795.6,0.0
5957,795.7,0.0
5958,795.8,0.0
5959,795.9,0.0
5960,796.0,0.0
5961,796.1,0.0
5962,796.2,0.0
5963,796.3,0.0
5964,796.4,0.0
5965,796.5,0.0
5966,796.6,0.0
5967,796.7,0.0
5968,796.8,0.0
5969,796.9,0.0
5970,797.0,0.0
5971,797.1,0.0
5972,797.2,0.0
5973,797.3,0.0
5974,797.4,0.0
5975,797.5,0.0
5976,797.6,0.0
5977,797.7,0.0
5978,797.8,0.0
5979,797.9,0.0
5980,798.0,0.0
5981,798.1,0.0
5982,798.2,0.0
5983,798.3,0.0
5984,798.4,0.0
5985,798.5,0.0
5986,798.6,0.0
5987,798.7,0.0
5988,798.8,0.0
5989,798.9,0.0
5990,799.0,0.0
5991,799.1,0.0
5992,799.2,0.0
5993,799.3,0.0
5994,799.4,0.0
5995,799.5,0.0
5996,799.6,0.0
5997,799.7,0.0
5998,799.8,0.0
5999,799.9,0.0
6000,800.0,0.0
6001,800.1,0.0
6002,800.2,0.0
6003,800.3,0.0
6004,800.4,0.0
6005,800.5,0.0
6006,800.6,0.0
6007,800.7,0.0
6008,800.8,0.0
6009,800.9,0.0
6010,801.0,0.0
6011,801.1,0.0
6012,801.2,0.0
6013,801.3,0.0
6014,801.4,0.0
6015,801.5,0.0
6016,801.6,0.0
6017,801.7,0.0
6018,801.8,0.0
6019,801.9,0.0
6020,802.0,0.0
6021,802.1,0.0
6022,802.2,0.0
6023,802.3,0.0
6024,802.4,0.0
6025,802.5,0.0
6026,802.6,0.0
6027,802.7,0.0
6028,802.8,0.0
6029,802.9,0.0
6030,803.0,0.0
6031,803.1,0.0
6032,803.2,0.0
6033,803.3,0.0
6034,803.4,0.0
6035,803.5,0.0
6036,803.6,0.0
6037,803.7,0.0
6038,803.8,0.0
6039,803.9,0.0
6040,804.0,0.0
6041,804.1,0.0
6042,804.2,0.0
6043,804.3,0.0
6044,804.4,0.0
6045,804.5,0.0
6046,804.6,0.0
6047,804.7,0.0
6048,804.8,0.0
6049,804.9,0.0
6050,805.0,0.0
6051,805.1,0.0
6052,805.2,0.0
6053,805.3,0.0
6054,805.4,0.0
6055,805.5,0.0
6056,805.6,0.0
6057,805.7,0.0
6058,805.8,0.0
6059,805.9,0.0
6060,806.0,0.0
6061,806.1,0.0
6062,806.2,0.0
6063,806.3,0.0
6064,806.4,0.0
6065,806.5,0.0
6066,806.6,0.0
6067,806.7,0.0
6068,806.8,0.0
6069,806.9,0.0
6070,807.0,0.0
6071,807.1,0.0
6072,807.2,0.0
6073,807.3,0.0
6074,807.4,0.0
6075,807.5,0.0
6076,807.6,0.0
6077,807.7,0.0
6078,807.8,0.0
6079,807.9,0.0
6080,808.0,0.0
6081,808.1,0.0
6082,808.2,0.0
6083,808.3,0.0
6084,808.4,0.0
6085,808.5,0.0
6086,808.6,0.0
6087,808.7,0.0
6088,808.8,0.0
6089,808.9,0.0
6090,809.0,0.0
6091,809.1,0.0
6092,809.2,0.0
6093,809.3,0.0
6094,809.4,0.0
6095,809.5,0.0
6096,809.6,0.0
6097,809.7,0.0
6098,809.8,0.0
6099,809.9,0.0
6100,810.0,0.0
6101,810.1,0.0
6102,810.2,0.0
6103,810.3,0.0
6104,810.4,0.0
6105,810.5,0.0
6106,810.6,0.0
6107,810.7,0.0
6108,810.8,0.0
6109,810.9,0.0
6110,811.0,0.0
6111,811.1,0.0
6112,811.2,0.0
6113,811.3,0.0
6114,811.4,0.0
6115,811.5,0.0
6116,811.6,0.0
6117,811.7,0.0
6118,811.8,0.0
6119,811.9,0.0
6120,812.0,0.0
6121,812.1,0.0
6122,812.2,0.0
6123,812.3,0.0
6124,812.4,0.0
6125,812.5,0.0
6126,812.6,0.0
6127,812.7,0.0
6128,812.8,0.0
6129,812.9,0.0
6130,813.0,0.0
6131,813.1,0.0
6132,813.2,0.0
6133,813.3,0.0
6134,813.4,0.0
6135,813.5,0.0
6136,813.6,0.0
6137,813.7,0.0
6138,813.8,0.0
6139,813.9,0.0
6140,814.0,0.0
6141,814.1,0.0
6142,814.2,0.0
6143,814.3,0.0
6144,814.4,0.0
6145,814.5,0.0
6146,814.6,0.0
6147,814.7,0.0
6148,814.8,0.0
6149,814.9,0.0
6150,815.0,0.0
6151,815.1,0.0
6152,815.2,0.0
6153,815.3,0.0
6154,815.4,0.0
6155,815.5,0.0
6156,815.6,0.0
6157,815.7,0.0
6158,815.8,0.0
6159,815.9,0.0
6160,816.0,0.0
6161,816.1,0.0
6162,816.2,0.0
6163,816.3,0.0
6164,816.4,0.0
6165,816.5,0.0
6166,816.6,0.0
6167,816.7,0.0
6168,816.8,0.0
6169,816.9,0.0
6170,817.0,0.0
6171,817.1,0.0
6172,817.2,0.0
6173,817.3,0.0
6174,817.4,0.0
6175,817.5,0.0
6176,817.6,0.0
6177,817.7,0.0
6178,817.8,0.0
6179,817.9,0.0
6180,818.0,0.0
6181,818.1,0.0
6182,818.2,0.001
6183,818.3,0.001
6184,818.4,0.002
6185,818.5,0.003
6186,818.6,0.005
6187,818.7,0.009
6188,818.8,0.015
6189,818.9,0.024
6190,819.0,0.04
6191,819.1,0.066
6192,819.2,0.107
6193,819.3,0.173
6194,819.4,0.277
6195,819.5,0.441
6196,819.6,0.695
6197,819.7,1.086
6198,819.8,1.685
6199,819.9,2.594
6200,820.0,3.961
6201,820.1,6.001
6202,820.2,9.02
6203,820.3,13.452
6204,820.4,19.897
6205,820.5,29.212
6206,820.6,42.546
6207,820.7,61.469
6208,820.8,88.092
6209,820.9,125.278
6210,821.0,176.786
6211,821.1,247.432
6212,821.2,343.702
6213,821.3,473.641
6214,821.4,647.382
6215,821.5,878.105
6216,821.6,1181.121
6217,821.7,1576.737
6218,821.8,2088.755
6219,821.9,2744.627
6220,822.0,3578.626
6221,822.1,4628.24
6222,822.2,5939.623
6223,822.3,7561.609
6224,822.4,9551.0
6225,822.5,11970.0
6226,822.6,14880.0
6227,822.7,18354.74
6228,822.8,22461.196
6229,822.9,27271.45
6230,823.0,32850.536
6231,823.1,39261.22
6232,823.2,46551.931
6233,823.3,54761.714
6234,823.4,63915.115
6235,823.5,74011.1
6236,823.6,85018.853
6237,823.7,96931.724
6238,823.8,109627.341
6239,823.9,122914.959
6240,824.0,136813.797
6241,824.1,151079.763
6242,824.2,165553.706
6243,824.3,179941.542
6244,824.4,194025.391
6245,824.5,207669.801
6246,824.6,220379.273
6247,824.7,232090.913
6248,824.8,242539.802
6249,824.9,251400.0
6250,825.0,258600.0
6251,825.1,263900.0
6252,825.2,267133.234
6253,825.3,268319.619
6254,825.4,267343.921
6255,825.5,264322.086
6256,825.6,259237.822
6257,825.7,252325.522
6258,825.8,243624.232
6259,825.9,233348.914
6260,826.0,221743.773
6261,826.1,209101.798
6262,826.2,195556.344
6263,826.3,181544.036
6264,826.4,167186.87
6265,826.5,152745.862
6266,826.6,138434.819
6267,826.7,124492.99
6268,826.8,111016.453
6269,826.9,98270.858
6270,827.0,86314.185
6271,827.1,75204.056
6272,827.2,64998.899
6273,827.3,55743.289
6274,827.4,47430.0
6275,827.5,40040.0
6276,827.6,33540.0
6277,827.7,27868.83
6278,827.8,22973.283
6279,827.9,18787.315
6280,828.0,15249.962
6281,828.1,12277.913
6282,828.2,9806.983
6283,828.3,7770.301
6284,828.4,6109.35
6285,828.5,4765.138
6286,828.6,3688.104
6287,828.7,2831.843
6288,828.8,2157.062
6289,828.9,1630.006
6290,829.0,1222.234
6291,829.1,909.477
6292,829.2,671.302
6293,829.3,491.557
6294,829.4,357.119
6295,829.5,257.439
6296,829.6,184.099
6297,829.7,130.66
6298,829.8,91.953
6299,829.9,64.22
6300,830.0,44.5
6301,830.1,30.59
6302,830.2,20.869
6303,830.3,14.122
6304,830.4,9.477
6305,830.5,6.317
6306,830.6,4.176
6307,830.7,2.742
6308,830.8,1.791
6309,830.9,1.166
6310,831.0,0.762
6311,831.1,0.509
6312,831.2,0.358
6313,831.3,0.281
6314,831.4,0.26
6315,831.5,0.288
6316,831.6,0.365
6317,831.7,0.5
6318,831.8,0.708
6319,831.9,1.013
6320,832.0,1.449
6321,832.1,2.063
6322,832.2,2.92
6323,832.3,4.104
6324,832.4,5.724
6325,832.5,7.925
6326,832.6,10.89
6327,832.7,14.849
6328,832.8,20.103
6329,832.9,27.002
6330,833.0,36.001
6331,833.1,47.64
6332,833.2,62.58
6333,833.3,81.578
6334,833.4,105.576
6335,833.5,135.599
6336,833.6,172.881
6337,833.7,218.869
6338,833.8,275.11
6339,833.9,343.281
6340,834.0,425.275
6341,834.1,523.125
6342,834.2,639.066
6343,834.3,775.246
6344,834.4,934.093
6345,834.5,1118.012
6346,834.6,1329.258
6347,834.7,1570.198
6348,834.8,1842.878
6349,834.9,2150.0
6350,835.0,2493.0
6351,835.1,2873.0
6352,835.2,3292.721
6353,835.3,3751.757
6354,835.4,4252.505
6355,835.5,4794.687
6356,835.6,5378.082
6357,835.7,6004.453
6358,835.8,6672.599
6359,835.9,7380.76
6360,836.0,8128.756
6361,836.1,8915.327
6362,836.2,9736.048
6363,836.3,10595.875
6364,836.4,11488.317
6365,836.5,12398.93
6366,836.6,13334.772
6367,836.7,14290.581
6368,836.8,15258.789
6369,836.9,16227.242
6370,837.0,17188.225
6371,837.1,18142.681
6372,837.2,19060.254
6373,837.3,19943.958
6374,837.4,20780.0
6375,837.5,21560.0
6376,837.6,22260.0
6377,837.7,22866.37
6378,837.8,23376.518
6379,837.9,23782.027
6380,838.0,24066.154
6381,838.1,24221.838
6382,838.2,24256.362
6383,838.3,24155.729
6384,838.4,23930.983
6385,838.5,23585.584
6386,838.6,23125.334
6387,838.7,22566.794
6388,838.8,21914.568
6389,838.9,21186.559
6390,839.0,20415.489
6391,839.1,19614.908
6392,839.2,18801.422
6393,839.3,18004.249
6394,839.4,17237.027
6395,839.5,16532.077
6396,839.6,15904.168
6397,839.7,15377.067
6398,839.8,14955.184
6399,839.9,14670.0
6400,840.0,14530.0
6401,840.1,14540.0
6402,840.2,14714.623
6403,840.3,15051.55
6404,840.4,15568.028
6405,840.5,16262.001
6406,840.6,17128.534
6407,840.7,18187.915
6408,840.8,19431.396
6409,840.9,20859.496
6410,841.0,22479.045
6411,841.1,24289.037
6412,841.2,26296.853
6413,841.3,28490.806
6414,841.4,30878.443
6415,841.5,33469.242
6416,841.6,36249.357
6417,841.7,39221.849
6418,841.8,42372.814
6419,841.9,45687.595
6420,842.0,49159.368
6421,842.1,52757.592
6422,842.2,56455.793
6423,842.3,60221.442
6424,842.4,64010.0
6425,842.5,67780.0
6426,842.6,71480.0
6427,842.7,75038.968
6428,842.8,78416.666
6429,842.9,81530.882
6430,843.0,84344.709
6431,843.1,86786.691
6432,843.2,88808.446
6433,843.3,90348.465
6434,843.4,91372.447
6435,843.5,91854.468
6436,843.6,91767.311
6437,843.7,91107.235
6438,843.8,89870.195
6439,843.9,88071.827
6440,844.0,85735.382
6441,844.1,82907.373
6442,844.2,79631.991
6443,844.3,75966.034
6444,844.4,71973.307
6445,844.5,67708.192
6446,844.6,63256.82
6447,844.7,58681.741
6448,844.8,54053.049
6449,844.9,49440.0
6450,845.0,44900.0
6451,845.1,40480.0
6452,845.2,36234.027
6453,845.3,32197.505
6454,845.4,28412.745
6455,845.5,24888.482
6456,845.6,21656.062
6457,845.7,18704.109
6458,845.8,16043.732
6459,845.9,13681.585
6460,846.0,11600.113
6461,846.1,9785.443
6462,846.2,8231.721
6463,846.3,6927.94
6464,846.4,5857.056
6465,846.5,5010.77
6466,846.6,4379.366
6467,846.7,3958.937
6468,846.8,3749.905
6469,846.9,3757.522
6470,847.0,3993.792
6471,847.1,4477.389
6472,847.2,5234.925
6473,847.3,6300.861
6474,847.4,7718.0
6475,847.5,9538.0
6476,847.6,11820.0
6477,847.7,14627.391
6478,847.8,18051.441
6479,847.9,22147.058
6480,848.0,27008.528
6481,848.1,32724.181
6482,848.2,39366.205
6483,848.3,47031.66
6484,848.4,55780.304
6485,848.5,65666.653
6486,848.6,76744.051
6487,848.7,89016.001
6488,848.8,102513.982
6489,848.9,117144.203
6490,849.0,132889.231
6491,849.1,149696.616
6492,849.2,167279.283
6493,849.3,185606.12
6494,849.4,204317.916
6495,849.5,223379.312
6496,849.6,242345.102
6497,849.7,260967.001
6498,849.8,278947.505
6499,849.9,296000.0
6500,850.0,311700.0
6501,850.1,325800.0
6502,850.2,338029.886
6503,850.3,348104.758
6504,850.4,355862.881
6505,850.5,361138.953
6506,850.6,363697.483
6507,850.7,363584.447
6508,850.8,360769.698
6509,850.9,355282.462
6510,851.0,347361.274
6511,851.1,337102.016
6512,851.2,324611.06
6513,851.3,310408.482
6514,851.4,294553.644
6515,851.5,277408.108
6516,851.6,259361.969
6517,851.7,240674.49
6518,851.8,221697.737
6519,851.9,202769.07
6520,852.0,184003.42
6521,852.1,165766.033
6522,852.2,148213.266
6523,852.3,131511.107
6524,852.4,115900.0
6525,852.5,101300.0
6526,852.6,87930.0
6527,852.7,75756.004
6528,852.8,64776.043
6529,852.9,54984.528
6530,853.0,46325.224
6531,853.1,38735.746
6532,853.2,32156.044
6533,853.3,26492.633
6534,853.4,21663.273
6535,853.5,17583.203
6536,853.6,14166.324
6537,853.7,11332.634
6538,853.8,8998.175
6539,853.9,7087.197
6540,854.0,5543.621
6541,854.1,4303.527
6542,854.2,3315.925
6543,854.3,2536.226
6544,854.4,1925.837
6545,854.5,1451.125
6546,854.6,1085.15
6547,854.7,805.748
6548,854.8,593.792
6549,854.9,434.3
6550,855.0,315.3
6551,855.1,227.2
6552,855.2,162.609
6553,855.3,115.434
6554,855.4,81.341
6555,855.5,56.908
6556,855.6,39.513
6557,855.7,27.227
6558,855.8,18.627
6559,855.9,12.651
6560,856.0,8.526
6561,856.1,5.704
6562,856.2,3.788
6563,856.3,2.496
6564,856.4,1.634
6565,856.5,1.061
6566,856.6,0.684
6567,856.7,0.437
6568,856.8,0.278
6569,856.9,0.175
6570,857.0,0.11
6571,857.1,0.068
6572,857.2,0.042
6573,857.3,0.026
6574,857.4,0.016
6575,857.5,0.009
6576,857.6,0.006
6577,857.7,0.003
6578,857.8,0.002
6579,857.9,0.001
6580,858.0,0.001
6581,858.1,0.0
6582,858.2,0.0
6583,858.3,0.0
6584,858.4,0.0
6585,858.5,0.0
6586,858.6,0.0
6587,858.7,0.0
6588,858.8,0.0
6589,858.9,0.0
6590,859.0,0.0
6591,859.1,0.0
6592,859.2,0.0
6593,859.3,0.0
6594,859.4,0.0
6595,859.5,0.0
6596,859.6,0.0
6597,859.7,0.0
6598,859.8,0.0
6599,859.9,0.0
6600,860.0,0.0
6601,860.1,0.0
6602,860.2,0.0
6603,860.3,0.0
6604,860.4,0.0
6605,860.5,0.0
6606,860.6,0.0
6607,860.7,0.0
6608,860.8,0.0
6609,860.9,0.0
6610,861.0,0.001
6611,861.1,0.001
6612,861.2,0.001
6613,861.3,0.002
6614,861.4,0.004
6615,861.5,0.006
6616,861.6,0.009
6617,861.7,0.014
6618,861.8,0.022
6619,861.9,0.034
6620,862.0,0.052
6621,862.1,0.078
6622,862.2,0.117
6623,862.3,0.174
6624,862.4,0.257
6625,862.5,0.378
6626,862.6,0.551
6627,862.7,0.798
6628,862.8,1.147
6629,862.9,1.637
6630,863.0,2.319
6631,863.1,3.263
6632,863.2,4.559
6633,863.3,6.325
6634,863.4,8.712
6635,863.5,11.918
6636,863.6,16.194
6637,863.7,21.834
6638,863.8,29.245
6639,863.9,38.899
6640,864.0,51.361
6641,864.1,67.353
6642,864.2,87.71
6643,864.3,113.466
6644,864.4,145.671
6645,864.5,185.709
6646,864.6,235.216
6647,864.7,295.859
6648,864.8,369.439
6649,864.9,458.3
6650,865.0,564.5
6651,865.1,690.5
6652,865.2,838.906
6653,865.3,1012.28
6654,865.4,1213.397
6655,865.5,1443.743
6656,865.6,1707.189
6657,865.7,2003.981
6658,865.8,2337.903
6659,865.9,2707.963
6660,866.0,3115.408
6661,866.1,3560.953
6662,866.2,4043.67
6663,866.3,4561.023
6664,866.4,5110.198
6665,866.5,5688.37
6666,866.6,6291.267
6667,866.7,6912.839
6668,866.8,7546.467
6669,866.9,8186.091
6670,867.0,8822.794
6671,867.1,9449.061
6672,867.2,10060.723
6673,867.3,10634.257
6674,867.4,11180.0
6675,867.5,11680.0
6676,867.6,12130.0
6677,867.7,12516.511
6678,867.8,12849.881
6679,867.9,13105.755
6680,868.0,13290.207
6681,868.1,13395.912
6682,868.2,13432.733
6683,868.3,13387.954
6684,868.4,13266.117
6685,868.5,13075.658
6686,868.6,12820.855
6687,868.7,12502.311
6688,868.8,12125.625
6689,868.9,11703.034
6690,869.0,11229.571
6691,869.1,10726.566
6692,869.2,10187.426
6693,869.3,9629.222
6694,869.4,9057.926
6695,869.5,8477.381
6696,869.6,7895.187
6697,869.7,7317.264
6698,869.8,6750.068
6699,869.9,6196.0
6700,870.0,5662.0
6701,870.1,5150.0
6702,870.2,4662.474
6703,870.3,4203.461
6704,870.4,3774.574
6705,870.5,3375.78
6706,870.6,3009.349
6707,870.7,2674.79
6708,870.8,2371.554
6709,870.9,2101.167
6710,871.0,1862.317
6711,871.1,1654.251
6712,871.2,1474.925
6713,871.3,1324.13
6714,871.4,1200.315
6715,871.5,1102.227
6716,871.6,1028.688
6717,871.7,977.012
6718,871.8,946.257
6719,871.9,934.707
6720,872.0,940.271
6721,872.1,961.317
6722,872.2,995.779
6723,872.3,1041.862
6724,872.4,1097.0
6725,872.5,1160.0
6726,872.6,1228.0
6727,872.7,1299.172
6728,872.8,1371.257
6729,872.9,1443.106
6730,873.0,1511.425
6731,873.1,1575.085
6732,873.2,1631.281
6733,873.3,1681.028
6734,873.4,1720.617
6735,873.5,1749.492
6736,873.6,1767.704
6737,873.7,1773.456
6738,873.8,1767.5
6739,873.9,1749.55
6740,874.0,1719.443
6741,874.1,1677.516
6742,874.2,1626.192
6743,874.3,1565.244
6744,874.4,1494.852
6745,874.5,1418.862
6746,874.6,1336.989
6747,874.7,1250.784
6748,874.8,1161.96
6749,874.9,1072.0
6750,875.0,981.4
6751,875.1,892.5
6752,875.2,805.974
6753,875.3,722.64
6754,875.4,643.405
6755,875.5,568.764
6756,875.6,499.224
6757,875.7,435.164
6758,875.8,376.603
6759,875.9,323.603
6760,876.0,276.148
6761,876.1,233.966
6762,876.2,196.806
6763,876.3,164.398
6764,876.4,136.399
6765,876.5,112.301
6766,876.6,91.828
6767,876.7,74.562
6768,876.8,60.119
6769,876.9,48.124
6770,877.0,38.256
6771,877.1,30.2
6772,877.2,23.669
6773,877.3,18.413
6774,877.4,14.23
6775,877.5,10.92
6776,877.6,8.317
6777,877.7,6.292
6778,877.8,4.725
6779,877.9,3.524
6780,878.0,2.61
6781,878.1,1.919
6782,878.2,1.401
6783,878.3,1.016
6784,878.4,0.731
6785,878.5,0.523
6786,878.6,0.371
6787,878.7,0.261
6788,878.8,0.183
6789,878.9,0.127
6790,879.0,0.088
6791,879.1,0.06
6792,879.2,0.041
6793,879.3,0.028
6794,879.4,0.019
6795,879.5,0.012
6796,879.6,0.008
6797,879.7,0.005
6798,879.8,0.003
6799,879.9,0.002
6800,880.0,0.001
6801,880.1,0.001
6802,880.2,0.001
6803,880.3,0.0
6804,880.4,0.0
6805,880.5,0.0
6806,880.6,0.0
6807,880.7,0.0
6808,880.8,0.0
6809,880.9,0.0
6810,881.0,0.0
6811,881.1,0.0
6812,881.2,0.0
6813,881.3,0.0
6814,881.4,0.0
6815,881.5,0.0
6816,881.6,0.0
6817,881.7,0.0
6818,881.8,0.0
6819,881.9,0.0
6820,882.0,0.0
6821,882.1,0.0
6822,882.2,0.0
6823,882.3,0.0
6824,882.4,0.0
6825,882.5,0.0
6826,882.6,0.0
6827,882.7,0.0
6828,882.8,0.001
6829,882.9,0.001
6830,883.0,0.002
6831,883.1,0.004
6832,883.2,0.007
6833,883.3,0.011
6834,883.4,0.017
6835,883.5,0.028
6836,883.6,0.045
6837,883.7,0.072
6838,883.8,0.115
6839,883.9,0.181
6840,884.0,0.282
6841,884.1,0.438
6842,884.2,0.676
6843,884.3,1.035
6844,884.4,1.575
6845,884.5,2.38
6846,884.6,3.573
6847,884.7,5.327
6848,884.8,7.887
6849,884.9,11.6
6850,885.0,16.95
6851,885.1,24.59
6852,885.2,35.43
6853,885.3,50.711
6854,885.4,72.091
6855,885.5,101.794
6856,885.6,142.77
6857,885.7,198.895
6858,885.8,275.132
6859,885.9,378.035
6860,886.0,516.009
6861,886.1,699.559
6862,886.2,941.777
6863,886.3,1259.525
6864,886.4,1673.256
6865,886.5,2207.818
6866,886.6,2892.945
6867,886.7,3764.629
6868,886.8,4867.149
6869,886.9,6249.028
6870,887.0,7969.199
6871,887.1,10089.972
6872,887.2,12699.571
6873,887.3,15868.326
6874,887.4,19700.0
6875,887.5,24280.0
6876,887.6,29730.0
6877,887.7,36149.206
6878,887.8,43663.989
6879,887.9,52386.642
6880,888.0,62429.198
6881,888.1,73889.246
6882,888.2,86853.097
6883,888.3,101427.772
6884,888.4,117617.277
6885,888.5,135451.488
6886,888.6,155020.338
6887,888.7,176169.154
6888,888.8,198769.816
6889,888.9,222804.811
6890,889.0,248104.584
6891,889.1,274360.706
6892,889.2,301389.413
6893,889.3,328843.097
6894,889.4,356323.884
6895,889.5,383539.57
6896,889.6,409934.223
6897,889.7,435336.318
6898,889.8,459127.322
6899,889.9,480900.0
6900,890.0,500300.0
6901,890.1,517000.0
6902,890.2,530620.003
6903,890.3,540977.451
6904,890.4,547775.315
6905,890.5,550920.518
6906,890.6,550288.038
6907,890.7,546019.193
6908,890.8,538035.783
6909,890.9,526627.596
6910,891.0,511944.209
6911,891.1,494355.785
6912,891.2,474197.541
6913,891.3,451675.762
6914,891.4,427340.811
6915,891.5,401606.613
6916,891.6,374852.835
6917,891.7,347546.5
6918,891.8,320035.124
6919,891.9,292713.451
6920,892.0,265880.531
6921,892.1,239869.563
6922,892.2,215018.954
6923,892.3,191388.087
6924,892.4,169200.0
6925,892.5,148600.0
6926,892.6,129600.0
6927,892.7,112242.873
6928,892.8,96609.672
6929,892.9,82567.457
6930,893.0,70086.304
6931,893.1,59095.668
6932,893.2,49486.507
6933,893.3,41161.362
6934,893.4,34010.36
6935,893.5,27905.908
6936,893.6,22741.652
6937,893.7,18409.445
6938,893.8,14802.011
6939,893.9,11819.195
6940,894.0,9375.642
6941,894.1,7388.779
6942,894.2,5780.985
6943,894.3,4493.654
6944,894.4,3468.758
6945,894.5,2659.562
6946,894.6,2025.868
6947,894.7,1532.714
6948,894.8,1151.879
6949,894.9,859.3
6950,895.0,636.9
6951,895.1,468.9
6952,895.2,342.888
6953,895.3,249.03
6954,895.4,179.674
6955,895.5,128.743
6956,895.6,91.595
6957,895.7,64.745
6958,895.8,45.456
6959,895.9,31.703
6960,896.0,21.955
6961,896.1,15.109
6962,896.2,10.322
6963,896.3,7.004
6964,896.4,4.722
6965,896.5,3.161
6966,896.6,2.102
6967,896.7,1.388
6968,896.8,0.911
6969,896.9,0.594
6970,897.0,0.384
6971,897.1,0.247
6972,897.2,0.158
6973,897.3,0.1
6974,897.4,0.063
6975,897.5,0.039
6976,897.6,0.024
6977,897.7,0.015
6978,897.8,0.009
6979,897.9,0.006
6980,898.0,0.003
6981,898.1,0.002
6982,898.2,0.001
6983,898.3,0.001
6984,898.4,0.0
6985,898.5,0.0
6986,898.6,0.0
6987,898.7,0.0
6988,898.8,0.0
6989,898.9,0.0
6990,899.0,0.0
6991,899.1,0.0
6992,899.2,0.0
6993,899.3,0.0
6994,899.4,0.0
6995,899.5,0.0
6996,899.6,0.0
6997,899.7,0.0
6998,899.8,0.0
6999,899.9,0.0
7000,900.0,0.0
7001,900.1,0.0
7002,900.2,0.0
7003,900.3,0.0
7004,900.4,0.0
7005,900.5,0.0
7006,900.6,0.0
7007,900.7,0.0
7008,900.8,0.0
7009,900.9,0.0
7010,901.0,0.0
7011,901.1,0.0
7012,901.2,0.0
7013,901.3,0.0
7014,901.4,0.0
7015,901.5,0.0
7016,901.6,0.0
7017,901.7,0.0
7018,901.8,0.0
7019,901.9,0.0
7020,902.0,0.0
7021,902.1,0.0
7022,902.2,0.0
7023,902.3,0.0
7024,902.4,0.0
7025,902.5,0.0
7026,902.6,0.0
7027,902.7,0.0
7028,902.8,0.0
7029,902.9,0.0
7030,903.0,0.0
7031,903.1,0.0
7032,903.2,0.0
7033,903.3,0.0
7034,903.4,0.0
7035,903.5,0.0
7036,903.6,0.0
7037,903.7,0.0
7038,903.8,0.0
7039,903.9,0.0
7040,904.0,0.0
7041,904.1,0.0
7042,904.2,0.0
7043,904.3,0.0
7044,904.4,0.0
7045,904.5,0.0
7046,904.6,0.0
7047,904.7,0.0
7048,904.8,0.0
7049,904.9,0.0
7050,905.0,0.0
7051,905.1,0.0
7052,905.2,0.0
7053,905.3,0.0
7054,905.4,0.0
7055,905.5,0.0
7056,905.6,0.0
7057,905.7,0.0
7058,905.8,0.0
7059,905.9,0.0
7060,906.0,0.0
7061,906.1,0.0
7062,906.2,0.0
7063,906.3,0.0
7064,906.4,0.0
7065,906.5,0.0
7066,906.6,0.0
7067,906.7,0.0
7068,906.8,0.0
7069,906.9,0.0
7070,907.0,0.0
7071,907.1,0.0
7072,907.2,0.0
7073,907.3,0.0
7074,907.4,0.0
7075,907.5,0.0
7076,907.6,0.0
7077,907.7,0.0
7078,907.8,0.0
7079,907.9,0.0
7080,908.0,0.0
7081,908.1,0.0
7082,908.2,0.0
7083,908.3,0.0
7084,908.4,0.0
7085,908.5,0.0
7086,908.6,0.0
7087,908.7,0.0
7088,908.8,0.0
7089,908.9,0.0
7090,909.0,0.0
7091,909.1,0.0
7092,909.2,0.0
7093,909.3,0.0
7094,909.4,0.0
7095,909.5,0.0
7096,909.6,0.0
7097,909.7,0.0
7098,909.8,0.0
7099,909.9,0.0
7100,910.0,0.0
7101,910.1,0.0
7102,910.2,0.0
7103,910.3,0.0
7104,910.4,0.0
7105,910.5,0.0
7106,910.6,0.0
7107,910.7,0.0
7108,910.8,0.0
7109,910.9,0.0
7110,911.0,0.0
7111,911.1,0.0
7112,911.2,0.0
7113,911.3,0.0
7114,911.4,0.0
7115,911.5,0.0
7116,911.6,0.0
7117,911.7,0.0
7118,911.8,0.0
7119,911.9,0.0
7120,912.0,0.0
7121,912.1,0.0
7122,912.2,0.0
7123,912.3,0.0
7124,912.4,0.0
7125,912.5,0.0
7126,912.6,0.0
7127,912.7,0.0
7128,912.8,0.0
7129,912.9,0.0
7130,913.0,0.0
7131,913.1,0.0
7132,913.2,0.0
7133,913.3,0.0
7134,913.4,0.0
7135,913.5,0.0
7136,913.6,0.0
7137,913.7,0.0
7138,913.8,0.0
7139,913.9,0.0
7140,914.0,0.0
7141,914.1,0.0
7142,914.2,0.0
7143,914.3,0.0
7144,914.4,0.0
7145,914.5,0.0
7146,914.6,0.0
7147,914.7,0.0
7148,914.8,0.0
7149,914.9,0.0
7150,915.0,0.0
7151,915.1,0.0
7152,915.2,0.0
7153,915.3,0.0
7154,915.4,0.0
7155,915.5,0.0
7156,915.6,0.0
7157,915.7,0.0
7158,915.8,0.0
7159,915.9,0.0
7160,916.0,0.0
7161,916.1,0.0
7162,916.2,0.0
7163,916.3,0.0
7164,916.4,0.0
7165,916.5,0.0
7166,916.6,0.0
7167,916.7,0.0
7168,916.8,0.0
7169,916.9,0.0
7170,917.0,0.0
7171,917.1,0.0
7172,917.2,0.0
7173,917.3,0.0
7174,917.4,0.0
7175,917.5,0.0
7176,917.6,0.0
7177,917.7,0.0
7178,917.8,0.0
7179,917.9,0.0
7180,918.0,0.0
7181,918.1,0.0
7182,918.2,0.0
7183,918.3,0.0
7184,918.4,0.0
7185,918.5,0.0
7186,918.6,0.0
7187,918.7,0.0
7188,918.8,0.0
7189,918.9,0.0
7190,919.0,0.0
7191,919.1,0.0
7192,919.2,0.0
7193,919.3,0.0
7194,919.4,0.0
7195,919.5,0.0
7196,919.6,0.0
7197,919.7,0.0
7198,919.8,0.0
7199,919.9,0.0
7200,920.0,0.0
7201,920.1,0.0
7202,920.2,0.0
7203,920.3,0.0
7204,920.4,0.0
7205,920.5,0.0
7206,920.6,0.0
7207,920.7,0.0
7208,920.8,0.0
7209,920.9,0.0
7210,921.0,0.0
7211,921.1,0.0
7212,921.2,0.0
7213,921.3,0.0
7214,921.4,0.0
7215,921.5,0.0
7216,921.6,0.0
7217,921.7,0.0
7218,921.8,0.0
7219,921.9,0.0
7220,922.0,0.0
7221,922.1,0.0
7222,922.2,0.0
7223,922.3,0.0
7224,922.4,0.0
7225,922.5,0.0
7226,922.6,0.0
7227,922.7,0.0
7228,922.8,0.0
7229,922.9,0.0
7230,923.0,0.0
7231,923.1,0.0
7232,923.2,0.0
7233,923.3,0.0
7234,923.4,0.0
7235,923.5,0.0
7236,923.6,0.0
7237,923.7,0.0
7238,923.8,0.0
7239,923.9,0.0
7240,924.0,0.0
7241,924.1,0.0
7242,924.2,0.0
7243,924.3,0.0
7244,924.4,0.0
7245,924.5,0.0
7246,924.6,0.0
7247,924.7,0.0
7248,924.8,0.0
7249,924.9,0.0
7250,925.0,0.0
7251,925.1,0.0
7252,925.2,0.0
7253,925.3,0.0
7254,925.4,0.0
7255,925.5,0.0
7256,925.6,0.0
7257,925.7,0.0
7258,925.8,0.0
7259,925.9,0.0
7260,926.0,0.0
7261,926.1,0.0
7262,926.2,0.0
7263,926.3,0.0
7264,926.4,0.0
7265,926.5,0.0
7266,926.6,0.0
7267,926.7,0.0
7268,926.8,0.0
7269,926.9,0.0
7270,927.0,0.0
7271,927.1,0.0
7272,927.2,0.0
7273,927.3,0.0
7274,927.4,0.0
7275,927.5,0.0
7276,927.6,0.0
7277,927.7,0.0
7278,927.8,0.0
7279,927.9,0.0
7280,928.0,0.0
7281,928.1,0.0
7282,928.2,0.0
7283,928.3,0.0
7284,928.4,0.0
7285,928.5,0.0
7286,928.6,0.0
7287,928.7,0.0
7288,928.8,0.0
7289,928.9,0.0
7290,929.0,0.0
7291,929.1,0.0
7292,929.2,0.0
7293,929.3,0.0
7294,929.4,0.0
7295,929.5,0.0
7296,929.6,0.0
7297,929.7,0.0
7298,929.8,0.0
7299,929.9,0.0
7300,930.0,0.0
7301,930.1,0.0
7302,930.2,0.0
7303,930.3,0.0
7304,930.4,0.0
7305,930.5,0.0
7306,930.6,0.0
7307,930.7,0.0
7308,930.8,0.0
7309,930.9,0.0
7310,931.0,0.0
7311,931.1,0.0
7312,931.2,0.0
7313,931.3,0.0
7314,931.4,0.0
7315,931.5,0.0
7316,931.6,0.0
7317,931.7,0.0
7318,931.8,0.0
7319,931.9,0.0
7320,932.0,0.0
7321,932.1,0.0
7322,932.2,0.0
7323,932.3,0.0
7324,932.4,0.0
7325,932.5,0.0
7326,932.6,0.0
7327,932.7,0.0
7328,932.8,0.0
7329,932.9,0.0
7330,933.0,0.0
7331,933.1,0.0
7332,933.2,0.0
7333,933.3,0.0
7334,933.4,0.0
7335,933.5,0.0
7336,933.6,0.0
7337,933.7,0.0
7338,933.8,0.0
7339,933.9,0.0
7340,934.0,0.0
7341,934.1,0.0
7342,934.2,0.0
7343,934.3,0.0
7344,934.4,0.0
7345,934.5,0.0
7346,934.6,0.0
7347,934.7,0.0
7348,934.8,0.0
7349,934.9,0.0
7350,935.0,0.0
7351,935.1,0.0
7352,935.2,0.0
7353,935.3,0.0
7354,935.4,0.0
7355,935.5,0.0
7356,935.6,0.0
7357,935.7,0.0
7358,935.8,0.0
7359,935.9,0.0
7360,936.0,0.0
7361,936.1,0.0
7362,936.2,0.0
7363,936.3,0.0
7364,936.4,0.0
7365,936.5,0.0
7366,936.6,0.0
7367,936.7,0.0
7368,936.8,0.0
7369,936.9,0.0
7370,937.0,0.0
7371,937.1,0.0
7372,937.2,0.0
7373,937.3,0.0
7374,937.4,0.0
7375,937.5,0.0
7376,937.6,0.0
7377,937.7,0.0
7378,937.8,0.0
7379,937.9,0.0
7380,938.0,0.0
7381,938.1,0.0
7382,938.2,0.0
7383,938.3,0.0
7384,938.4,0.0
7385,938.5,0.0
7386,938.6,0.0
7387,938.7,0.0
7388,938.8,0.0
7389,938.9,0.0
7390,939.0,0.0
7391,939.1,0.0
7392,939.2,0.0
7393,939.3,0.0
7394,939.4,0.0
7395,939.5,0.0
7396,939.6,0.0
7397,939.7,0.0
7398,939.8,0.0
7399,939.9,0.0
7400,940.0,0.0
7401,940.1,0.0
7402,940.2,0.0
7403,940.3,0.0
7404,940.4,0.0
7405,940.5,0.0
7406,940.6,0.0
7407,940.7,0.0
7408,940.8,0.0
7409,940.9,0.0
7410,941.0,0.0
7411,941.1,0.0
7412,941.2,0.0
7413,941.3,0.0
7414,941.4,0.0
7415,941.5,0.0
7416,941.6,0.0
7417,941.7,0.0
7418,941.8,0.0
7419,941.9,0.0
7420,942.0,0.0
7421,942.1,0.0
7422,942.2,0.0
7423,942.3,0.0
7424,942.4,0.0
7425,942.5,0.0
7426,942.6,0.0
7427,942.7,0.0
7428,942.8,0.0
7429,942.9,0.0
7430,943.0,0.0
7431,943.1,0.0
7432,943.2,0.0
7433,943.3,0.0
7434,943.4,0.0
7435,943.5,0.0
7436,943.6,0.0
7437,943.7,0.0
7438,943.8,0.0
7439,943.9,0.0
7440,944.0,0.0
7441,944.1,0.0
7442,944.2,0.0
7443,944.3,0.0
7444,944.4,0.0
7445,944.5,0.0
7446,944.6,0.0
7447,944.7,0.0
7448,944.8,0.0
7449,944.9,0.0
7450,945.0,0.0
7451,945.1,0.0
7452,945.2,0.0
7453,945.3,0.0
7454,945.4,0.0
7455,945.5,0.0
7456,945.6,0.0
7457,945.7,0.0
7458,945.8,0.0
7459,945.9,0.0
7460,946.0,0.0
7461,946.1,0.0
7462,946.2,0.0
7463,946.3,0.0
7464,946.4,0.0
7465,946.5,0.0
7466,946.6,0.0
7467,946.7,0.0
7468,946.8,0.0
7469,946.9,0.0
7470,947.0,0.0
7471,947.1,0.0
7472,947.2,0.0
7473,947.3,0.0
7474,947.4,0.0
7475,947.5,0.0
7476,947.6,0.0
7477,947.7,0.0
7478,947.8,0.0
7479,947.9,0.0
7480,948.0,0.0
7481,948.1,0.0
7482,948.2,0.0
7483,948.3,0.0
7484,948.4,0.0
7485,948.5,0.0
7486,948.6,0.0
7487,948.7,0.0
7488,948.8,0.0
7489,948.9,0.0
7490,949.0,0.0
7491,949.1,0.0
7492,949.2,0.0
7493,949.3,0.0
7494,949.4,0.0
7495,949.5,0.0
7496,949.6,0.0
7497,949.7,0.0
7498,949.8,0.0
7499,949.9,0.0
7500,950.0,0.0
7501,950.1,0.0
7502,950.2,0.0
7503,950.3,0.0
7504,950.4,0.0
7505,950.5,0.0
7506,950.6,0.0
7507,950.7,0.0
7508,950.8,0.0
7509,950.9,0.0
7510,951.0,0.0
7511,951.1,0.0
7512,951.2,0.0
7513,951.3,0.0
7514,951.4,0.001
7515,951.5,0.001
7516,951.6,0.002
7517,951.7,0.002
7518,951.8,0.004
7519,951.9,0.006
7520,952.0,0.01
7521,952.1,0.016
7522,952.2,0.025
7523,952.3,0.039
7524,952.4,0.061
7525,952.5,0.094
7526,952.6,0.145
7527,952.7,0.222
7528,952.8,0.337
7529,952.9,0.509
7530,953.0,0.764
7531,953.1,1.141
7532,953.2,1.694
7533,953.3,2.5
7534,953.4,3.667
7535,953.5,5.349
7536,953.6,7.756
7537,953.7,11.184
7538,953.8,16.025
7539,953.9,22.835
7540,954.0,32.348
7541,954.1,45.55
7542,954.2,63.774
7543,954.3,88.771
7544,954.4,122.846
7545,954.5,168.994
7546,954.6,231.132
7547,954.7,314.293
7548,954.8,424.929
7549,954.9,571.1
7550,955.0,763.1
7551,955.1,1014.0
7552,955.2,1338.374
7553,955.3,1757.744
7554,955.4,2294.152
7555,955.5,2977.804
7556,955.6,3841.214
7557,955.7,4927.801
7558,955.8,6283.132
7559,955.9,7966.084
7560,956.0,10038.758
7561,956.1,12577.814
7562,956.2,15669.581
7563,956.3,19405.598
7564,956.4,23896.889
7565,956.5,29256.699
7566,956.6,35603.293
7567,956.7,43076.516
7568,956.8,51819.604
7569,956.9,61967.821
7570,957.0,73678.729
7571,957.1,87087.763
7572,957.2,102367.977
7573,957.3,119565.857
7574,957.4,138900.0
7575,957.5,160400.0
7576,957.6,184100.0
7577,957.7,210105.906
7578,957.8,238435.506
7579,957.9,268973.899
7580,958.0,301594.264
7581,958.1,336299.382
7582,958.2,372821.566
7583,958.3,410873.801
7584,958.4,450188.683
7585,958.5,490387.692
7586,958.6,531067.656
7587,958.7,571748.364
7588,958.8,612030.028
7589,958.9,651279.899
7590,959.0,689039.586
7591,959.1,724765.804
7592,959.2,757857.579
7593,959.3,787870.451
7594,959.4,814286.82
7595,959.5,836719.215
7596,959.6,854831.208
7597,959.7,868232.023
7598,959.8,876636.966
7599,959.9,880000.0
7600,960.0,878300.0
7601,960.1,871500.0
7602,960.2,859702.149
7603,960.3,843133.434
7604,960.4,822040.992
7605,960.5,796852.213
7606,960.6,767937.361
7607,960.7,735716.672
7608,960.8,700772.386
7609,960.9,663653.313
7610,961.0,624785.927
7611,961.1,584821.493
7612,961.2,544283.381
7613,961.3,503495.31
7614,961.4,463126.759
7615,961.5,423494.103
7616,961.6,384961.676
7617,961.7,347970.394
7618,961.8,312716.749
7619,961.9,279329.666
7620,962.0,248085.975
7621,962.1,219030.33
7622,962.2,192345.754
7623,962.3,167828.784
7624,962.4,145600.0
7625,962.5,125600.0
7626,962.6,107700.0
7627,962.7,91871.981
7628,962.8,77870.494
7629,962.9,65623.991
7630,963.0,54983.882
7631,963.1,45802.038
7632,963.2,37929.886
7633,963.3,31232.766
7634,963.4,25562.465
7635,963.5,20804.675
7636,963.6,16831.346
7637,963.7,13537.924
7638,963.8,10822.361
7639,963.9,8607.242
7640,964.0,6802.508
7641,964.1,5345.707
7642,964.2,4176.321
7643,964.3,3244.246
7644,964.4,2504.914
7645,964.5,1923.316
7646,964.6,1467.273
7647,964.7,1113.608
7648,964.8,840.123
7649,964.9,630.1
7650,965.0,469.8
7651,965.1,348.3
7652,965.2,256.678
7653,965.3,188.104
7654,965.4,136.969
7655,965.5,99.239
7656,965.6,71.43
7657,965.7,51.13
7658,965.8,36.386
7659,965.9,25.746
7660,966.0,18.107
7661,966.1,12.664
7662,966.2,8.807
7663,966.3,6.086
7664,966.4,4.183
7665,966.5,2.857
7666,966.6,1.94
7667,966.7,1.311
7668,966.8,0.88
7669,966.9,0.587
7670,967.0,0.39
7671,967.1,0.257
7672,967.2,0.169
7673,967.3,0.11
7674,967.4,0.071
7675,967.5,0.046
7676,967.6,0.029
7677,967.7,0.019
7678,967.8,0.012
7679,967.9,0.007
7680,968.0,0.005
7681,968.1,0.003
7682,968.2,0.002
7683,968.3,0.001
7684,968.4,0.001
7685,968.5,0.0
7686,968.6,0.0
7687,968.7,0.0
7688,968.8,0.0
7689,968.9,0.0
7690,969.0,0.0
7691,969.1,0.0
7692,969.2,0.0
7693,969.3,0.0
7694,969.4,0.0
7695,969.5,0.0
7696,969.6,0.0
7697,969.7,0.0
7698,969.8,0.0
7699,969.9,0.0
7700,970.0,0.0
7701,970.1,0.0
7702,970.2,0.0
7703,970.3,0.0
7704,970.4,0.0
7705,970.5,0.0
7706,970.6,0.0
7707,970.7,0.0
7708,970.8,0.0
7709,970.9,0.0
7710,971.0,0.0
7711,971.1,0.0
7712,971.2,0.0
7713,971.3,0.0
7714,971.4,0.0
7715,971.5,0.0
7716,971.6,0.0
7717,971.7,0.0
7718,971.8,0.0
7719,971.9,0.0
7720,972.0,0.0
7721,972.1,0.0
7722,972.2,0.0
7723,972.3,0.0
7724,972.4,0.0
7725,972.5,0.0
7726,972.6,0.0
7727,972.7,0.0
7728,972.8,0.0
7729,972.9,0.0
7730,973.0,0.0
7731,973.1,0.0
7732,973.2,0.0
7733,973.3,0.0
7734,973.4,0.0
7735,973.5,0.0
7736,973.6,0.0
7737,973.7,0.0
7738,973.8,0.0
7739,973.9,0.0
7740,974.0,0.0
7741,974.1,0.0
7742,974.2,0.0
7743,974.3,0.0
7744,974.4,0.0
7745,974.5,0.0
7746,974.6,0.0
7747,974.7,0.0
7748,974.8,0.0
7749,974.9,0.0
7750,975.0,0.0
7751,975.1,0.0
7752,975.2,0.0
7753,975.3,0.0
7754,975.4,0.0
7755,975.5,0.0
7756,975.6,0.0
7757,975.7,0.0
7758,975.8,0.0
7759,975.9,0.0
7760,976.0,0.0
7761,976.1,0.0
7762,976.2,0.0
7763,976.3,0.0
7764,976.4,0.0
7765,976.5,0.0
7766,976.6,0.0
7767,976.7,0.0
7768,976.8,0.0
7769,976.9,0.0
7770,977.0,0.0
7771,977.1,0.0
7772,977.2,0.0
7773,977.3,0.0
7774,977.4,0.0
7775,977.5,0.0
7776,977.6,0.0
7777,977.7,0.0
7778,977.8,0.0
7779,977.9,0.0
7780,978.0,0.0
7781,978.1,0.0
7782,978.2,0.0
7783,978.3,0.0
7784,978.4,0.0
7785,978.5,0.0
7786,978.6,0.0
7787,978.7,0.0
7788,978.8,0.0
7789,978.9,0.0
7790,979.0,0.0
7791,979.1,0.0
7792,979.2,0.0
7793,979.3,0.0
7794,979.4,0.0
7795,979.5,0.0
7796,979.6,0.0
7797,979.7,0.0
7798,979.8,0.0
7799,979.9,0.0
7800,980.0,0.0
7801,980.1,0.0
7802,980.2,0.0
7803,980.3,0.0
7804,980.4,0.0
7805,980.5,0.0
7806,980.6,0.0
7807,980.7,0.0
7808,980.8,0.0
7809,980.9,0.0
7810,981.0,0.0
7811,981.1,0.0
7812,981.2,0.0
7813,981.3,0.0
7814,981.4,0.0
7815,981.5,0.0
7816,981.6,0.0
7817,981.7,0.0
7818,981.8,0.0
7819,981.9,0.0
7820,982.0,0.0
7821,982.1,0.0
7822,982.2,0.0
7823,982.3,0.0
7824,982.4,0.0
7825,982.5,0.0
7826,982.6,0.0
7827,982.7,0.0
7828,982.8,0.0
7829,982.9,0.0
7830,983.0,0.0
7831,983.1,0.0
7832,983.2,0.0
7833,983.3,0.0
7834,983.4,0.0
7835,983.5,0.0
7836,983.6,0.0
7837,983.7,0.0
7838,983.8,0.0
7839,983.9,0.0
7840,984.0,0.0
7841,984.1,0.0
7842,984.2,0.0
7843,984.3,0.0
7844,984.4,0.0
7845,984.5,0.0
7846,984.6,0.0
7847,984.7,0.0
7848,984.8,0.0
7849,984.9,0.0
7850,985.0,0.0
7851,985.1,0.0
7852,985.2,0.0
7853,985.3,0.0
7854,985.4,0.0
7855,985.5,0.0
7856,985.6,0.0
7857,985.7,0.0
7858,985.8,0.0
7859,985.9,0.0
7860,986.0,0.0
7861,986.1,0.0
7862,986.2,0.0
7863,986.3,0.0
7864,986.4,0.0
7865,986.5,0.0
7866,986.6,0.0
7867,986.7,0.0
7868,986.8,0.0
7869,986.9,0.0
7870,987.0,0.0
7871,987.1,0.0
7872,987.2,0.0
7873,987.3,0.0
7874,987.4,0.0
7875,987.5,0.0
7876,987.6,0.0
7877,987.7,0.0
7878,987.8,0.0
7879,987.9,0.0
7880,988.0,0.0
7881,988.1,0.0
7882,988.2,0.0
7883,988.3,0.0
7884,988.4,0.0
7885,988.5,0.0
7886,988.6,0.0
7887,988.7,0.0
7888,988.8,0.0
7889,988.9,0.0
7890,989.0,0.0
7891,989.1,0.0
7892,989.2,0.0
7893,989.3,0.0
7894,989.4,0.0
7895,989.5,0.0
7896,989.6,0.0
7897,989.7,0.0
7898,989.8,0.0
7899,989.9,0.0
7900,990.0,0.0
7901,990.1,0.0
7902,990.2,0.0
7903,990.3,0.0
7904,990.4,0.0
7905,990.5,0.0
7906,990.6,0.0
7907,990.7,0.0
7908,990.8,0.0
7909,990.9,0.0
7910,991.0,0.0
7911,991.1,0.0
7912,991.2,0.0
7913,991.3,0.0
7914,991.4,0.0
7915,991.5,0.0
7916,991.6,0.0
7917,991.7,0.0
7918,991.8,0.0
7919,991.9,0.0
7920,992.0,0.0
7921,992.1,0.0
7922,992.2,0.0
7923,992.3,0.0
7924,992.4,0.0
7925,992.5,0.0
7926,992.6,0.0
7927,992.7,0.0
7928,992.8,0.0
7929,992.9,0.0
7930,993.0,0.0
7931,993.1,0.0
7932,993.2,0.0
7933,993.3,0.0
7934,993.4,0.0
7935,993.5,0.0
7936,993.6,0.0
7937,993.7,0.0
7938,993.8,0.0
7939,993.9,0.0
7940,994.0,0.0
7941,994.1,0.0
7942,994.2,0.0
7943,994.3,0.0
7944,994.4,0.0
7945,994.5,0.0
7946,994.6,0.0
7947,994.7,0.0
7948,994.8,0.0
7949,994.9,0.0
7950,995.0,0.0
7951,995.1,0.0
7952,995.2,0.0
7953,995.3,0.0
7954,995.4,0.0
7955,995.5,0.0
7956,995.6,0.0
7957,995.7,0.0
7958,995.8,0.0
7959,995.9,0.0
7960,996.0,0.0
7961,996.1,0.0
7962,996.2,0.0
7963,996.3,0.0
7964,996.4,0.0
7965,996.5,0.0
7966,996.6,0.0
7967,996.7,0.0
7968,996.8,0.0
7969,996.9,0.0
7970,997.0,0.0
7971,997.1,0.0
7972,997.2,0.0
7973,997.3,0.0
7974,997.4,0.0
7975,997.5,0.0
7976,997.6,0.0
7977,997.7,0.0
7978,997.8,0.0
7979,997.9,0.0
7980,998.0,0.0
7981,998.1,0.0
7982,998.2,0.0
7983,998.3,0.0
7984,998.4,0.0
7985,998.5,0.0
7986,998.6,0.0
7987,998.7,0.0
7988,998.8,0.0
7989,998.9,0.0
7990,999.0,0.0
7991,999.1,0.0
7992,999.2,0.0
7993,999.3,0.0
7994,999.4,0.0
7995,999.5,0.0
7996,999.6,0.0
7997,999.7,0.0
7998,999.8,0.0
7999,999.9,0.0
