,wavelength,intensity
0,200.0,912500.0
1,200.1,1745480.313
2,200.2,2980000.0
3,200.3,4968000.0
4,200.4,7860648.599
5,200.5,11750000.0
6,200.6,16680000.0
7,200.7,22459135.477
8,200.8,28640000.0
9,200.9,34670000.0
10,201.0,39839451.293
11,201.1,43600000.0
12,201.2,45530000.0
13,201.3,45608609.568
14,201.4,44320000.0
15,201.5,42340000.0
16,201.6,40623997.005
17,201.7,39990000.0
18,201.8,41120000.0
19,201.9,44255844.009
20,202.0,49090000.0
21,202.1,55100000.0
22,202.2,61389085.14
23,202.3,67030000.0
24,202.4,71140000.0
25,202.5,73046225.654
26,202.6,72500000.0
27,202.7,69440000.0
28,202.8,64199912.491
29,202.9,57370000.0
30,203.0,49610000.0
31,203.1,41647417.964
32,203.2,34070000.0
33,203.3,27370000.0
34,203.4,21780065.951
35,203.5,17300000.0
36,203.6,13850000.0
37,203.7,11216979.27
38,203.8,9177000.0
39,203.9,7525000.0
40,204.0,6123237.729
41,204.1,4910000.0
42,204.2,3850000.0
43,204.3,2949330.526
44,204.4,2220000.0
45,204.5,1671000.0
46,204.6,1304010.421
47,204.7,1119000.0
48,204.8,1118000.0
49,204.9,1314831.001
50,205.0,1740000.0
51,205.1,2428173.374
52,205.2,3416000.0
53,205.3,4737000.0
54,205.4,6401822.707
55,205.5,8384000.0
56,205.6,10640000.0
57,205.7,13086328.578
58,205.8,15610000.0
59,205.9,18090000.0
60,206.0,20390645.258
61,206.1,22360000.0
62,206.2,23840000.0
63,206.3,24674922.92
64,206.4,24760000.0
65,206.5,24020000.0
66,206.6,22469410.004
67,206.7,20240000.0
68,206.8,17510000.0
69,206.9,14535932.144
70,207.0,11570000.0
71,207.1,8848000.0
72,207.2,6544413.235
73,207.3,4739000.0
74,207.4,3474000.0
75,207.5,2719847.993
76,207.6,2405000.0
77,207.7,2447000.0
78,207.8,2745105.663
79,207.9,3193000.0
80,208.0,3684000.0
81,208.1,4117289.782
82,208.2,4417000.0
83,208.3,4521000.0
84,208.4,4407010.961
85,208.5,4100000.0
86,208.6,3643000.0
87,208.7,3115505.106
88,208.8,2621000.0
89,208.9,2271000.0
90,209.0,2206568.183
91,209.1,2626000.0
92,209.2,3761000.0
93,209.3,5937301.737
94,209.4,9555000.0
95,209.5,15040000.0
96,209.6,22805483.74
97,209.7,33030000.0
98,209.8,45750000.0
99,209.9,60594696.229
100,210.0,76770000.0
101,210.1,93384447.667
102,210.2,109500000.0
103,210.3,124300000.0
104,210.4,137618875.279
105,210.5,149900000.0
106,210.6,161800000.0
107,210.7,174179369.154
108,210.8,187300000.0
109,210.9,201000000.0
110,211.0,213986346.613
111,211.1,224200000.0
112,211.2,229400000.0
113,211.3,227496503.346
114,211.4,217800000.0
115,211.5,200300000.0
116,211.6,176434455.254
117,211.7,148700000.0
118,211.8,119800000.0
119,211.9,92308803.095
120,212.0,67970000.0
121,212.1,48080000.0
122,212.2,32883242.714
123,212.3,21930000.0
124,212.4,14580000.0
125,212.5,9933708.97
126,212.6,7188000.0
127,212.7,5626000.0
128,212.8,4742996.328
129,212.9,4234000.0
130,213.0,3865000.0
131,213.1,3537234.108
132,213.2,3215000.0
133,213.3,2877000.0
134,213.4,2528007.351
135,213.5,2178000.0
136,213.6,1837000.0
137,213.7,1516254.834
138,213.8,1226000.0
139,213.9,976300.0
140,214.0,776905.083
141,214.1,633600.0
142,214.2,550400.0
143,214.3,527248.956
144,214.4,558800.0
145,214.5,637300.0
146,214.6,749428.734
147,214.7,878600.0
148,214.8,1007000.0
149,214.9,1115171.424
150,215.0,1188000.0
151,215.1,1214108.873
152,215.2,1192000.0
153,215.3,1124000.0
154,215.4,1018809.403
155,215.5,890300.0
156,215.6,753200.0
157,215.7,620924.371
158,215.8,503100.0
159,215.9,407600.0
160,216.0,338943.342
161,216.1,300700.0
162,216.2,296700.0
163,216.3,332622.426
164,216.4,417200.0
165,216.5,560600.0
166,216.6,774941.769
167,216.7,1069000.0
168,216.8,1449000.0
169,216.9,1912712.491
170,217.0,2447000.0
171,217.1,3033000.0
172,217.2,3639051.848
173,217.3,4233000.0
174,217.4,4784000.0
175,217.5,5267341.158
176,217.6,5674000.0
177,217.7,6002000.0
178,217.8,6267736.093
179,217.9,6512000.0
180,218.0,6786000.0
181,218.1,7168818.29
182,218.2,7774000.0
183,218.3,8730000.0
184,218.4,10188447.405
185,218.5,12280000.0
186,218.6,15120000.0
187,218.7,18762616.48
188,218.8,23140000.0
189,218.9,28130000.0
190,219.0,33494608.037
191,219.1,38920000.0
192,219.2,44070000.0
193,219.3,48601308.089
194,219.4,52290000.0
195,219.5,54980000.0
196,219.6,56694417.349
197,219.7,57640000.0
198,219.8,58100000.0
199,219.9,58514660.824
200,220.0,59360000.0
201,220.1,61059473.941
202,220.2,63830000.0
203,220.3,67770000.0
204,220.4,72653518.194
205,220.5,77960000.0
206,220.6,83060000.0
207,220.7,87173808.069
208,220.8,89700000.0
209,220.9,90160000.0
210,221.0,88414256.873
211,221.1,84700000.0
212,221.2,79400000.0
213,221.3,73140923.463
214,221.4,66510000.0
215,221.5,60040000.0
216,221.6,54098806.795
217,221.7,48810000.0
218,221.8,44200000.0
219,221.9,40130581.862
220,222.0,36450000.0
221,222.1,33020000.0
222,222.2,29751462.063
223,222.3,26660000.0
224,222.4,23800000.0
225,222.5,21278330.106
226,222.6,19200000.0
227,222.7,17650000.0
228,222.8,16636404.587
229,222.9,16100000.0
230,223.0,15950000.0
231,223.1,16034690.994
232,223.2,16240000.0
233,223.3,16480000.0
234,223.4,16750055.828
235,223.5,17160000.0
236,223.6,17870000.0
237,223.7,19122424.333
238,223.8,21110000.0
239,223.9,23990000.0
240,224.0,27798771.338
241,224.1,32340000.0
242,224.2,37320000.0
243,224.3,42276031.409
244,224.4,46720000.0
245,224.5,50190000.0
246,224.6,52372215.51
247,224.7,53220000.0
248,224.8,52810000.0
249,224.9,51480808.99
250,225.0,49690000.0
251,225.1,47881800.911
252,225.2,46390000.0
253,225.3,45470000.0
254,225.4,45144872.598
255,225.5,45270000.0
256,225.6,45650000.0
257,225.7,46018724.356
258,225.8,46150000.0
259,225.9,45860000.0
260,226.0,45089104.915
261,226.1,43870000.0
262,226.2,42270000.0
263,226.3,40424901.833
264,226.4,38470000.0
265,226.5,36530000.0
266,226.6,34703123.494
267,226.7,33070000.0
268,226.8,31710000.0
269,226.9,30721012.323
270,227.0,30250000.0
271,227.1,30480000.0
272,227.2,31736317.509
273,227.3,34550000.0
274,227.4,39560000.0
275,227.5,47681909.065
276,227.6,60000000.0
277,227.7,77640000.0
278,227.8,101644523.008
279,227.9,132499999.999
280,228.0,170299999.999
281,228.1,213905697.561
282,228.2,260999999.999
283,228.3,308699999.999
284,228.4,352923789.199
285,228.5,389799999.999
286,228.6,415700000.0
287,228.7,427938035.04
288,228.8,426000000.0
289,228.9,410300000.0
290,229.0,383078253.926
291,229.1,347700000.001
292,229.2,307800000.001
293,229.3,267162400.808
294,229.4,228800000.001
295,229.5,195300000.001
296,229.6,168301458.589
297,229.7,148800000.0
298,229.8,137600000.0
299,229.9,135197707.318
300,230.0,142100000.0
301,230.1,158782212.531
302,230.2,185499999.999
303,230.3,222299999.999
304,230.4,268410768.545
305,230.5,322099999.999
306,230.6,381199999.999
307,230.7,442459699.922
308,230.8,501799999.999
309,230.9,554999999.999
310,231.0,598089580.262
311,231.1,628000000.0
312,231.2,642200000.0
313,231.3,639816294.145
314,231.4,621900000.0
315,231.5,590300000.001
316,231.6,548537978.98
317,231.7,500900000.001
318,231.8,451800000.001
319,231.9,405472380.035
320,232.0,364900000.001
321,232.1,332400000.001
322,232.2,308571411.544
323,232.3,292300000.0
324,232.4,281900000.0
325,232.5,274821998.888
326,232.6,268500000.0
327,232.7,260600000.0
328,232.8,249757071.218
329,232.9,235800000.0
330,233.0,219000000.0
331,233.1,200450104.994
332,233.2,181700000.0
333,233.3,164300000.0
334,233.4,149457056.18
335,233.5,138000000.0
336,233.6,130500000.0
337,233.7,126809265.787
338,233.8,126600000.0
339,233.9,129500000.0
340,234.0,134961563.514
341,234.1,142400000.0
342,234.2,151200000.0
343,234.3,160669968.688
344,234.4,170300000.0
345,234.5,179600000.0
346,234.6,188010451.153
347,234.7,195200000.0
348,234.8,200900000.0
349,234.9,204879524.186
350,235.0,207100000.0
351,235.1,207633555.284
352,235.2,206800000.0
353,235.3,205000000.0
354,235.4,202744308.785
355,235.5,200700000.0
356,235.6,199600000.0
357,235.7,200178230.88
358,235.8,202700000.0
359,235.9,207200000.0
360,236.0,213180769.858
361,236.1,219600000.0
362,236.2,225200000.0
363,236.3,228448701.923
364,236.4,228300000.0
365,236.5,224000000.0
366,236.6,215599109.946
367,236.7,204200000.0
368,236.8,191300000.0
369,236.9,179050002.243
370,237.0,169700000.0
371,237.1,165400000.0
372,237.2,167775924.819
373,237.3,177600000.0
374,237.4,195200000.0
375,237.5,219851832.446
376,237.6,250399999.999
377,237.7,285499999.999
378,237.8,323352478.098
379,237.9,362499999.999
380,238.0,401699999.999
381,238.1,440061578.084
382,238.2,476699999.999
383,238.3,510699999.999
384,238.4,541026982.217
385,238.5,566300000.0
386,238.6,585000000.0
387,238.7,595469146.281
388,238.8,596300000.0
389,238.9,586400000.0
390,239.0,565832285.141
391,239.1,535700000.001
392,239.2,497600000.001
393,239.3,454306273.402
394,239.4,408900000.001
395,239.5,364400000.001
396,239.6,323414952.572
397,239.7,287900000.001
398,239.8,259400000.001
399,239.9,238337991.458
400,240.0,224600000.0
401,240.1,217857822.092
402,240.2,217200000.0
403,240.3,221500000.0
404,240.4,229393004.865
405,240.5,239600000.0
406,240.6,250900000.0
407,240.7,262233753.314
408,240.8,272900000.0
409,240.9,282400000.0
410,241.0,290667671.504
411,241.1,297600000.0
412,241.2,303100000.0
413,241.3,307127654.994
414,241.4,309200000.0
415,241.5,308700000.0
416,241.6,304998480.903
417,241.7,297600000.0
418,241.8,286100000.0
419,241.9,270473799.006
420,242.0,251400000.0
421,242.1,229800000.001
422,242.2,206895403.678
423,242.3,183900000.001
424,242.4,162000000.001
425,242.5,142242458.001
426,242.6,125200000.0
427,242.7,111200000.0
428,242.8,100066445.329
429,242.9,91530000.0
430,243.0,85270000.0
431,243.1,80758694.6
432,243.2,77540000.0
433,243.3,75210000.0
434,243.4,73469570.97
435,243.5,72150000.0
436,243.6,71140000.0
437,243.7,70448405.438
438,243.8,70120000.0
439,243.9,70200000.0
440,244.0,70708213.317
441,244.1,71580000.0
442,244.2,72710000.0
443,244.3,73901400.976
444,244.4,74890000.0
445,244.5,75390000.0
446,244.6,75101001.817
447,244.7,73810000.0
448,244.8,71350000.0
449,244.9,67679127.191
450,245.0,62930000.0
451,245.1,57309649.908
452,245.2,51170000.0
453,245.3,44910000.0
454,245.4,38953263.056
455,245.5,33660000.0
456,245.6,29350000.0
457,245.7,26218427.458
458,245.8,24290000.0
459,245.9,23520000.0
460,246.0,23718612.544
461,246.1,24600000.0
462,246.2,25850000.0
463,246.3,27123816.971
464,246.4,28140000.0
465,246.5,28650000.0
466,246.6,28494300.515
467,246.7,27660000.0
468,246.8,26190000.0
469,246.9,24226591.008
470,247.0,21970000.0
471,247.1,19630000.0
472,247.2,17409110.111
473,247.3,15470000.0
474,247.4,13950000.0
475,247.5,12915865.719
476,247.6,12380000.0
477,247.7,12340000.0
478,247.8,12764308.527
479,247.9,13580000.0
480,248.0,14710000.0
481,248.1,16083416.454
482,248.2,17580000.0
483,248.3,19070000.0
484,248.4,20434896.504
485,248.5,21540000.0
486,248.6,22260000.0
487,248.7,22534979.356
488,248.8,22350000.0
489,248.9,21720000.0
490,249.0,20757283.513
491,249.1,19630000.0
492,249.2,18530000.0
493,249.3,17705415.096
494,249.4,17400000.0
495,249.5,17850000.0
496,249.6,19267900.476
497,249.7,21810000.0
498,249.8,25600000.0
499,249.9,30658292.29
500,250.0,36880000.0
501,250.1,44090218.148
502,250.2,51940000.0
503,250.3,60010000.0
504,250.4,67781297.842
505,250.5,74740000.0
506,250.6,80400000.0
507,250.7,84408648.407
508,250.8,86650000.0
509,250.9,87130000.0
510,251.0,86159002.47
511,251.1,84250000.0
512,251.2,81990000.0
513,251.3,80095889.87
514,251.4,79200000.0
515,251.5,79870000.0
516,251.6,82483540.507
517,251.7,87160000.0
518,251.8,93890000.0
519,251.9,102356487.997
520,252.0,112100000.0
521,252.1,122600000.0
522,252.2,133155773.455
523,252.3,143000000.0
524,252.4,151400000.0
525,252.5,157794250.562
526,252.6,161700000.0
527,252.7,162700000.0
528,252.8,160642610.255
529,252.9,155600000.0
530,253.0,147800000.0
531,253.1,137903708.389
532,253.2,126600000.0
533,253.3,114600000.0
534,253.4,102729869.762
535,253.5,91620000.0
536,253.6,81800000.0
537,253.7,73578022.924
538,253.8,66990000.0
539,253.9,61960000.0
540,254.0,58191985.55
541,254.1,55320000.0
542,254.2,52970000.0
543,254.3,50786503.097
544,254.4,48550000.0
545,254.5,46110000.0
546,254.6,43478812.46
547,254.7,40810000.0
548,254.8,38310000.0
549,254.9,36287590.026
550,255.0,35070000.0
551,255.1,34962483.883
552,255.2,36190000.0
553,255.3,38930000.0
554,255.4,43215091.815
555,255.5,48910000.0
556,255.6,55800000.0
557,255.7,63478939.257
558,255.8,71440000.0
559,255.9,79140000.0
560,256.0,85975966.67
561,256.1,91440000.0
562,256.2,95080000.0
563,256.3,96614794.13
564,256.4,96050000.0
565,256.5,93520000.0
566,256.6,89463342.349
567,256.7,84580000.0
568,256.8,79660000.0
569,256.9,75639512.28
570,257.0,73430000.0
571,257.1,73900000.0
572,257.2,77719097.984
573,257.3,85160000.0
574,257.4,96310000.0
575,257.5,110784006.475
576,257.6,127699999.999
577,257.7,145999999.999
578,257.8,164333002.392
579,257.9,181299999.999
580,258.0,195500000.0
581,258.1,205653780.603
582,258.2,211100000.0
583,258.3,211400000.0
584,258.4,206513096.966
585,258.5,197000000.0
586,258.6,183600000.001
587,258.7,167249222.362
588,258.8,149000000.001
589,258.9,129900000.001
590,259.0,110861099.631
591,259.1,92590000.001
592,259.2,75710000.001
593,259.3,60645321.91
594,259.4,47590000.0
595,259.5,36660000.0
596,259.6,27828889.967
597,259.7,20950000.0
598,259.8,15840000.0
599,259.9,12261097.568
600,260.0,9969000.0
601,260.1,8727607.215
602,260.2,8326000.0
603,260.3,8569000.0
604,260.4,9305625.904
605,260.5,10420000.0
606,260.6,11810000.0
607,260.7,13399969.305
608,260.8,15110000.0
609,260.9,16860000.0
610,261.0,18573773.326
611,261.1,20150000.0
612,261.2,21480000.0
613,261.3,22462267.241
614,261.4,23030000.0
615,261.5,23130000.0
616,261.6,22743868.915
617,261.7,21920000.0
618,261.8,20730000.0
619,261.9,19282700.937
620,262.0,17720000.0
621,262.1,16190000.0
622,262.2,14831745.613
623,262.3,13750000.0
624,262.4,13030000.0
625,262.5,12704356.067
626,262.6,12760000.0
627,262.7,13160000.0
628,262.8,13804523.431
629,262.9,14570000.0
630,263.0,15330000.0
631,263.1,15959507.107
632,263.2,16350000.0
633,263.3,16410000.0
634,263.4,16107836.735
635,263.5,15460000.0
636,263.6,14500000.0
637,263.7,13300712.278
638,263.8,11970000.0
639,263.9,10620000.0
640,264.0,9349578.578
641,264.1,8241000.0
642,264.2,7365000.0
643,264.3,6755630.684
644,264.4,6420000.0
645,264.5,6355000.0
646,264.6,6536322.025
647,264.7,6937000.0
648,264.8,7533000.0
649,264.9,8312735.699
650,265.0,9281000.0
651,265.1,10452819.029
652,265.2,11870000.0
653,265.3,13580000.0
654,265.4,15621030.317
655,265.5,18010000.0
656,265.6,20750000.0
657,265.7,23793275.878
658,265.8,27020000.0
659,265.9,30280000.0
660,266.0,33360995.799
661,266.1,36020000.0
662,266.2,38020000.0
663,266.3,39175909.002
664,266.4,39360000.0
665,266.5,38490000.0
666,266.6,36630593.73
667,266.7,33930000.0
668,266.8,30570000.0
669,266.9,26808293.815
670,267.0,22890000.0
671,267.1,19050000.0
672,267.2,15494210.404
673,267.3,12340000.0
674,267.4,9671000.0
675,267.5,7512842.441
676,267.6,5840000.0
677,267.7,4612000.0
678,267.8,3769472.424
679,267.9,3255000.0
680,268.0,3016000.0
681,268.1,3015480.124
682,268.2,3233000.0
683,268.3,3655000.0
684,268.4,4281094.499
685,268.5,5111000.0
686,268.6,6142000.0
687,268.7,7359484.606
688,268.8,8725000.0
689,268.9,10190000.0
690,269.0,11683166.891
691,269.1,13110000.0
692,269.2,14370000.0
693,269.3,15364227.2
694,269.4,16020000.0
695,269.5,16280000.0
696,269.6,16128604.716
697,269.7,15590000.0
698,269.8,14710000.0
699,269.9,13586645.898
700,270.0,12320000.0
701,270.1,11005517.94
702,270.2,9732000.0
703,270.3,8580000.0
704,270.4,7597633.198
705,270.5,6802000.0
706,270.6,6198000.0
707,270.7,5764796.628
708,270.8,5470000.0
709,270.9,5278000.0
710,271.0,5147839.53
711,271.1,5045000.0
712,271.2,4938000.0
713,271.3,4801841.093
714,271.4,4623000.0
715,271.5,4392000.0
716,271.6,4107197.411
717,271.7,3777000.0
718,271.8,3413000.0
719,271.9,3030968.783
720,272.0,2648000.0
721,272.1,2281000.0
722,272.2,1944443.725
723,272.3,1647000.0
724,272.4,1395000.0
725,272.5,1189908.96
726,272.6,1028000.0
727,272.7,903900.0
728,272.8,809945.162
729,272.9,738100.0
730,273.0,680600.0
731,273.1,630991.048
732,273.2,584800.0
733,273.3,538500.0
734,273.4,490791.085
735,273.5,441700.0
736,273.6,391700.0
737,273.7,342233.27
738,273.8,295000.0
739,273.9,251700.0
740,274.0,213912.102
741,274.1,182800.0
742,274.2,159300.0
743,274.3,143766.806
744,274.4,136100.0
745,274.5,136000.0
746,274.6,142623.387
747,274.7,154700.0
748,274.8,170800.0
749,274.9,189208.196
750,275.0,208300.0
751,275.1,226592.907
752,275.2,243000.0
753,275.3,256700.0
754,275.4,267647.572
755,275.5,276400.0
756,275.6,283800.0
757,275.7,291406.958
758,275.8,301000.0
759,275.9,314300.0
760,276.0,332697.776
761,276.1,357300.0
762,276.2,389000.0
763,276.3,427996.063
764,276.4,474100.0
765,276.5,527000.0
766,276.6,586053.701
767,276.7,650300.0
768,276.8,718700.0
769,276.9,789986.306
770,277.0,862200.0
771,277.1,933100.0
772,277.2,999734.045
773,277.3,1058000.0
774,277.4,1104000.0
775,277.5,1135253.895
776,277.6,1148000.0
777,277.7,1139000.0
778,277.8,1108838.834
779,277.9,1059000.0
780,278.0,991500.0
781,278.1,910660.539
782,278.2,821800.0
783,278.3,730400.0
784,278.4,641849.518
785,278.5,560400.0
786,278.6,489700.0
787,278.7,431831.988
788,278.8,387200.0
789,278.9,355500.0
790,279.0,334908.803
791,279.1,323000.0
792,279.2,317200.0
793,279.3,314704.457
794,279.4,313100.0
795,279.5,310300.0
796,279.6,305147.776
797,279.7,297100.0
798,279.8,285900.0
799,279.9,272061.075
800,280.0,256400.0
801,280.1,239776.037
802,280.2,223100.0
803,280.3,207200.0
804,280.4,192544.845
805,280.5,179600.0
806,280.6,168700.0
807,280.7,159681.561
808,280.8,152700.0
809,280.9,147900.0
810,281.0,145019.347
811,281.1,144100.0
812,281.2,145200.0
813,281.3,148043.324
814,281.4,152400.0
815,281.5,158000.0
816,281.6,164289.682
817,281.7,170700.0
818,281.8,176600.0
819,281.9,181146.741
820,282.0,183800.0
821,282.1,184100.0
822,282.2,181622.302
823,282.3,176300.0
824,282.4,168200.0
825,282.5,157611.443
826,282.6,145100.0
827,282.7,131300.0
828,282.8,116880.071
829,282.9,102500.0
830,283.0,88810.0
831,283.1,76385.914
832,283.2,65580.0
833,283.3,56660.0
834,283.4,49757.847
835,283.5,44910.0
836,283.6,42120.0
837,283.7,41316.97
838,283.8,42380.0
839,283.9,45170.0
840,284.0,49493.93
841,284.1,55090.0
842,284.2,61660.0
843,284.3,68808.952
844,284.4,76080.0
845,284.5,83000.0
846,284.6,89099.818
847,284.7,94020.0
848,284.8,97470.0
849,284.9,99381.977
850,285.0,99980.0
851,285.1,99657.077
852,285.2,99230.0
853,285.3,99680.0
854,285.4,102280.966
855,285.5,108600.0
856,285.6,120300.0
857,285.7,139164.141
858,285.8,166900.0
859,285.9,205200.0
860,286.0,255585.727
861,286.1,318700.0
862,286.2,394800.0
863,286.3,483139.632
864,286.4,581400.0
865,286.5,686600.0
866,286.6,794328.576
867,286.7,899100.0
868,286.8,995000.0
869,286.9,1075603.302
870,287.0,1136000.0
871,287.1,1172000.0
872,287.2,1181060.109
873,287.3,1163000.0
874,287.4,1119000.0
875,287.5,1053640.88
876,287.6,972500.0
877,287.7,881500.0
878,287.8,787548.53
879,287.9,696900.0
880,288.0,615200.0
881,288.1,546273.838
882,288.2,492200.0
883,288.3,454200.0
884,288.4,431233.452
885,288.5,420900.0
886,288.6,420400.0
887,288.7,426157.161
888,288.8,434300.0
889,288.9,441100.0
890,289.0,443665.046
891,289.1,439900.0
892,289.2,428200.0
893,289.3,408426.057
894,289.4,381300.0
895,289.5,347900.0
896,289.6,310176.342
897,289.7,270200.0
898,289.8,230000.0
899,289.9,191444.748
900,290.0,156000.0
901,290.1,124863.798
902,290.2,98550.0
903,290.3,77340.0
904,290.4,61225.413
905,290.5,49960.0
906,290.6,43230.0
907,290.7,40631.361
908,290.8,41750.0
909,290.9,46170.0
910,291.0,53449.428
911,291.1,63120.0
912,291.2,74680.0
913,291.3,87529.776
914,291.4,101100.0
915,291.5,114800.0
916,291.6,127968.357
917,291.7,140200.0
918,291.8,151200.0
919,291.9,160852.252
920,292.0,169200.0
921,292.1,176400.0
922,292.2,182891.549
923,292.3,189000.0
924,292.4,195000.0
925,292.5,201104.253
926,292.6,207300.0
927,292.7,213500.0
928,292.8,219524.379
929,292.9,225100.0
930,293.0,230000.0
931,293.1,234273.624
932,293.2,238100.0
933,293.3,241800.0
934,293.4,246166.786
935,293.5,252000.0
936,293.6,260100.0
937,293.7,271374.058
938,293.8,286700.0
939,293.9,306900.0
940,294.0,332681.11
941,294.1,364900.0
942,294.2,404500.0
943,294.3,452545.64
944,294.4,510000.0
945,294.5,577800.0
946,294.6,656613.814
947,294.7,745900.0
948,294.8,844600.0
949,294.9,950380.97
950,295.0,1059000.0
951,295.1,1165404.406
952,295.2,1263000.0
953,295.3,1345000.0
954,295.4,1405595.822
955,295.5,1440000.0
956,295.6,1444000.0
957,295.7,1415705.834
958,295.8,1357000.0
959,295.9,1271000.0
960,296.0,1162719.602
961,296.1,1039000.0
962,296.2,907100.0
963,296.3,774173.002
964,296.4,646100.0
965,296.5,528100.0
966,296.6,423699.422
967,296.7,334600.0
968,296.8,261800.0
969,296.9,204905.538
970,297.0,162900.0
971,297.1,134700.0
972,297.2,119373.913
973,297.3,116500.0
974,297.4,126000.0
975,297.5,148865.121
976,297.6,187100.0
977,297.7,243200.0
978,297.8,321022.966
979,297.9,425500.0
980,298.0,562000.0
981,298.1,737078.35
982,298.2,958400.0
983,298.3,1234000.0
984,298.4,1572553.966
985,298.5,1983000.0
986,298.6,2474000.0
987,298.7,3052608.117
988,298.8,3724000.0
989,298.9,4492000.0
990,299.0,5355496.85
991,299.1,6308000.0
992,299.2,7341000.0
993,299.3,8440468.058
994,299.4,9584000.0
995,299.5,10750000.0
996,299.6,11922758.052
997,299.7,13070000.0
998,299.8,14160000.0
999,299.9,15178406.75
1000,300.0,16100000.0
1001,300.1,16896048.03
1002,300.2,17540000.0
1003,300.3,18010000.0
1004,300.4,18295632.775
1005,300.5,18370000.0
1006,300.6,18210000.0
1007,300.7,17823759.983
1008,300.8,17210000.0
1009,300.9,16370000.0
1010,301.0,15332646.966
1011,301.1,14130000.0
1012,301.2,12800000.0
1013,301.3,11402642.981
1014,301.4,9983000.0
1015,301.5,8583000.0
1016,301.6,7249444.241
1017,301.7,6014000.0
1018,301.8,4902000.0
1019,301.9,3928367.752
1020,302.0,3096000.0
1021,302.1,2403000.0
1022,302.2,1838255.912
1023,302.3,1388000.0
1024,302.4,1038000.0
1025,302.5,772961.388
1026,302.6,578900.0
1027,302.7,443000.0
1028,302.8,355970.601
1029,302.9,311400.0
1030,303.0,304000.0
1031,303.1,331082.935
1032,303.2,391500.0
1033,303.3,484500.0
1034,303.4,609664.893
1035,303.5,765500.0
1036,303.6,949800.0
1037,303.7,1158235.407
1038,303.8,1384000.0
1039,303.9,1619000.0
1040,304.0,1852283.915
1041,304.1,2073000.0
1042,304.2,2270000.0
1043,304.3,2431265.27
1044,304.4,2549000.0
1045,304.5,2617000.0
1046,304.6,2632202.775
1047,304.7,2598000.0
1048,304.8,2520000.0
1049,304.9,2407252.75
1050,305.0,2272000.0
1051,305.1,2126926.225
1052,305.2,1984000.0
1053,305.3,1855000.0
1054,305.4,1750197.747
1055,305.5,1674000.0
1056,305.6,1629000.0
1057,305.7,1615263.854
1058,305.8,1628000.0
1059,305.9,1661000.0
1060,306.0,1706891.983
1061,306.1,1758000.0
1062,306.2,1807000.0
1063,306.3,1848186.881
1064,306.4,1877000.0
1065,306.5,1890000.0
1066,306.6,1887379.672
1067,306.7,1870000.0
1068,306.8,1839000.0
1069,306.9,1796948.037
1070,307.0,1747000.0
1071,307.1,1692000.0
1072,307.2,1633814.894
1073,307.3,1576000.0
1074,307.4,1522000.0
1075,307.5,1473182.817
1076,307.6,1432000.0
1077,307.7,1401000.0
1078,307.8,1381268.772
1079,307.9,1373000.0
1080,308.0,1376000.0
1081,308.1,1388608.146
1082,308.2,1407000.0
1083,308.3,1427000.0
1084,308.4,1444657.496
1085,308.5,1455000.0
1086,308.6,1453000.0
1087,308.7,1434833.048
1088,308.8,1398000.0
1089,308.9,1341000.0
1090,309.0,1265254.749
1091,309.1,1173000.0
1092,309.2,1067000.0
1093,309.3,951953.056
1094,309.4,832700.0
1095,309.5,713900.0
1096,309.6,599667.618
1097,309.7,493300.0
1098,309.8,397600.0
1099,309.9,313970.03
1100,310.0,242900.0
1101,310.1,184492.41
1102,310.2,137900.0
1103,310.3,102000.0
1104,310.4,75524.993
1105,310.5,57200.0
1106,310.6,45790.0
1107,310.7,40246.238
1108,310.8,39780.0
1109,310.9,43710.0
1110,311.0,51564.202
1111,311.1,62950.0
1112,311.2,77480.0
1113,311.3,94747.637
1114,311.4,114300.0
1115,311.5,135600.0
1116,311.6,157886.673
1117,311.7,180600.0
1118,311.8,203200.0
1119,311.9,225118.29
1120,312.0,246400.0
1121,312.1,267300.0
1122,312.2,288471.818
1123,312.3,311500.0
1124,312.4,338300.0
1125,312.5,371394.882
1126,312.6,414100.0
1127,312.7,470000.0
1128,312.8,543636.35
1129,312.9,641900.0
1130,313.0,772700.0
1131,313.1,948856.046
1132,313.2,1196000.0
1133,313.3,1546000.0
1134,313.4,2055494.866
1135,313.5,2833000.0
1136,313.6,4011000.0
1137,313.7,5801526.883
1138,313.8,8558000.0
1139,313.9,12700000.0
1140,314.0,18834296.828
1141,314.1,27809999.999
1142,314.2,40589999.999
1143,314.3,58415948.954
1144,314.4,82719999.998
1145,314.5,114999999.998
1146,314.6,156831661.971
1147,314.7,209599999.996
1148,314.8,274499999.995
1149,314.9,352016061.641
1150,315.0,441799999.994
1151,315.1,542943959.155
1152,315.2,652999999.993
1153,315.3,768799999.992
1154,315.4,885839983.393
1155,315.5,999299999.993
1156,315.6,1103999999.994
1157,315.7,1193900783.535
1158,315.8,1264999999.996
1159,315.9,1313999999.998
1160,316.0,1338859661.473
1161,316.1,1341000000.001
1162,316.2,1323000000.002
1163,316.3,1289298969.311
1164,316.4,1247000000.003
1165,316.5,1204000000.003
1166,316.6,1168899362.812
1167,316.7,1150000000.001
1168,316.8,1154999999.999
1169,316.9,1189016154.239
1170,317.0,1253999999.995
1171,317.1,1350999999.992
1172,317.2,1478726027.941
1173,317.3,1629999999.989
1174,317.4,1795999999.989
1175,317.5,1966612278.984
1176,317.6,2129999999.99
1177,317.7,2273999999.991
1178,317.8,2387264296.471
1179,317.9,2460999999.997
1180,318.0,2488000000.0
1181,318.1,2465484316.402
1182,318.2,2394000000.006
1183,318.3,2276000000.009
1184,318.4,2119117607.716
1185,318.5,1932000000.013
1186,318.6,1724000000.015
1187,318.7,1506713603.026
1188,318.8,1289000000.015
1189,318.9,1079000000.014
1190,319.0,884543238.984
1191,319.1,709800000.011
1192,319.2,557600000.009
1193,319.3,428881601.047
1194,319.4,322800000.006
1195,319.5,237900000.005
1196,319.6,171671577.142
1197,319.7,121300000.003
1198,319.8,83960000.002
1199,319.9,56929094.603
1200,320.0,37890000.001
1201,320.1,24761269.192
1202,320.2,16000000.0
1203,320.3,10280000.0
1204,320.4,6657834.919
1205,320.5,4490000.0
1206,320.6,3237000.0
1207,320.7,2575297.05
1208,320.8,2302000.0
1209,320.9,2250000.0
1210,321.0,2329019.35
1211,321.1,2486000.0
1212,321.2,2678000.0
1213,321.3,2884252.883
1214,321.4,3093000.0
1215,321.5,3295000.0
1216,321.6,3487275.336
1217,321.7,3668000.0
1218,321.8,3836000.0
1219,321.9,3992014.82
1220,322.0,4133000.0
1221,322.1,4255000.0
1222,322.2,4354204.375
1223,322.3,4424000.0
1224,322.4,4457000.0
1225,322.5,4446152.989
1226,322.6,4386000.0
1227,322.7,4272000.0
1228,322.8,4102666.961
1229,322.9,3881000.0
1230,323.0,3612000.0
1231,323.1,3304934.905
1232,323.2,2971000.0
1233,323.3,2622000.0
1234,323.4,2270824.073
1235,323.5,1929000.0
1236,323.6,1607000.0
1237,323.7,1312338.23
1238,323.8,1050000.0
1239,323.9,823600.0
1240,324.0,632993.493
1241,324.1,476400.0
1242,324.2,351400.0
1243,324.3,253860.919
1244,324.4,179600.0
1245,324.5,124500.0
1246,324.6,84490.746
1247,324.7,56220.0
1248,324.8,36660.0
1249,324.9,23448.15
1250,325.0,14840.0
1251,325.1,9355.724
1252,325.2,6092.0
1253,325.3,4350.0
1254,325.4,3714.355
1255,325.5,3998.0
1256,325.6,5091.0
1257,325.7,7040.903
1258,325.8,9998.0
1259,325.9,14150.0
1260,326.0,19766.895
1261,326.1,27140.0
1262,326.2,36570.0
1263,326.3,48370.593
1264,326.4,62770.0
1265,326.5,79960.0
1266,326.6,100036.04
1267,326.7,122900.0
1268,326.8,148400.0
1269,326.9,176293.026
1270,327.0,206100.0
1271,327.1,237300.0
1272,327.2,269413.369
1273,327.3,301900.0
1274,327.4,334200.0
1275,327.5,365801.693
1276,327.6,396400.0
1277,327.7,425700.0
1278,327.8,453262.876
1279,327.9,478700.0
1280,328.0,501600.0
1281,328.1,521360.385
1282,328.2,537300.0
1283,328.3,548700.0
1284,328.4,554760.595
1285,328.5,554800.0
1286,328.6,548200.0
1287,328.7,534578.832
1288,328.8,514100.0
1289,328.9,487100.0
1290,329.0,454211.307
1291,329.1,416600.0
1292,329.2,375600.0
1293,329.3,332708.919
1294,329.4,289400.0
1295,329.5,247100.0
1296,329.6,207051.937
1297,329.7,170200.0
1298,329.8,137300.0
1299,329.9,108607.353
1300,330.0,84190.0
1301,330.1,64017.196
1302,330.2,47730.0
1303,330.3,34880.0
1304,330.4,24986.373
1305,330.5,17550.0
1306,330.6,12080.0
1307,330.7,8145.589
1308,330.8,5392.0
1309,330.9,3498.0
1310,331.0,2224.256
1311,331.1,1400.0
1312,331.2,879.0
1313,331.3,569.424
1314,331.4,421.3
1315,331.5,398.8
1316,331.6,501.435
1317,331.7,771.0
1318,331.8,1266.0
1319,331.9,2098.76
1320,332.0,3480.0
1321,332.1,5664.0
1322,332.2,9042.074
1323,332.3,14240.0
1324,332.4,21990.0
1325,332.5,33330.636
1326,332.6,49730.0
1327,332.7,72840.0
1328,332.8,104805.777
1329,332.9,148400.0
1330,333.0,206600.0
1331,333.1,282748.903
1332,333.2,380600.0
1333,333.3,504000.0
1334,333.4,656757.223
1335,333.5,842400.0
1336,333.6,1064000.0
1337,333.7,1322863.047
1338,333.8,1619000.0
1339,333.9,1952000.0
1340,334.0,2319845.008
1341,334.1,2717000.0
1342,334.2,3137000.0
1343,334.3,3572484.574
1344,334.4,4014000.0
1345,334.5,4452000.0
1346,334.6,4878415.89
1347,334.7,5285000.0
1348,334.8,5664000.0
1349,334.9,6010836.717
1350,335.0,6324000.0
1351,335.1,6602999.92
1352,335.2,6849000.0
1353,335.3,7064000.0
1354,335.4,7251042.726
1355,335.5,7411000.0
1356,335.6,7544000.0
1357,335.7,7648787.33
1358,335.8,7720000.0
1359,335.9,7751000.0
1360,336.0,7733910.888
1361,336.1,7660000.0
1362,336.2,7521000.0
1363,336.3,7311956.435
1364,336.4,7032000.0
1365,336.5,6682000.0
1366,336.6,6267663.851
1367,336.7,5801000.0
1368,336.8,5296000.0
1369,336.9,4769208.258
1370,337.0,4238000.0
1371,337.1,3720000.0
1372,337.2,3232564.151
1373,337.3,2789000.0
1374,337.4,2401000.0
1375,337.5,2076911.08
1376,337.6,1820000.0
1377,337.7,1632000.0
1378,337.8,1512307.587
1379,337.9,1457000.0
1380,338.0,1461000.0
1381,338.1,1517856.514
1382,338.2,1622000.0
1383,338.3,1768000.0
1384,338.4,1950218.373
1385,338.5,2165000.0
1386,338.6,2410000.0
1387,338.7,2686153.266
1388,338.8,2996000.0
1389,338.9,3343000.0
1390,339.0,3733907.247
1391,339.1,4178000.0
1392,339.2,4685000.0
1393,339.3,5264534.068
1394,339.4,5926000.0
1395,339.5,6678000.0
1396,339.6,7524995.807
1397,339.7,8466000.0
1398,339.8,9497000.0
1399,339.9,10605150.94
1400,340.0,11770000.0
1401,340.1,12968126.724
1402,340.2,14170000.0
1403,340.3,15340000.0
1404,340.4,16428717.316
1405,340.5,17400000.0
1406,340.6,18220000.0
1407,340.7,18850741.68
1408,340.8,19270000.0
1409,340.9,19460000.0
1410,341.0,19406528.723
1411,341.1,19110000.0
1412,341.2,18580000.0
1413,341.3,17846703.523
1414,341.4,16940000.0
1415,341.5,15890000.0
1416,341.6,14734875.885
1417,341.7,13520000.0
1418,341.8,12290000.0
1419,341.9,11081997.693
1420,342.0,9935000.0
1421,342.1,8886000.0
1422,342.2,7958838.357
1423,342.3,7170000.0
1424,342.4,6533000.0
1425,342.5,6052246.833
1426,342.6,5724000.0
1427,342.7,5542000.0
1428,342.8,5495612.554
1429,342.9,5571000.0
1430,343.0,5754000.0
1431,343.1,6031997.762
1432,343.2,6395000.0
1433,343.3,6835000.0
1434,343.4,7350102.752
1435,343.5,7942000.0
1436,343.6,8613000.0
1437,343.7,9366594.889
1438,343.8,10210000.0
1439,343.9,11150000.0
1440,344.0,12186243.021
1441,344.1,13310000.0
1442,344.2,14510000.0
1443,344.3,15769296.941
1444,344.4,17060000.0
1445,344.5,18350000.0
1446,344.6,19599109.573
1447,344.7,20760000.0
1448,344.8,21790000.0
1449,344.9,22664401.434
1450,345.0,23340000.0
1451,345.1,23776530.054
1452,345.2,23970000.0
1453,345.3,23920000.0
1454,345.4,23614838.699
1455,345.5,23080000.0
1456,345.6,22350000.0
1457,345.7,21454719.786
1458,345.8,20430000.0
1459,345.9,19320000.0
1460,346.0,18184567.982
1461,346.1,17050000.0
1462,346.2,15940000.0
1463,346.3,14898583.941
1464,346.4,13940000.0
1465,346.5,13070000.0
1466,346.6,12294733.106
1467,346.7,11610000.0
1468,346.8,11010000.0
1469,346.9,10491029.199
1470,347.0,10040000.0
1471,347.1,9643000.0
1472,347.2,9292844.483
1473,347.3,8982000.0
1474,347.4,8704000.0
1475,347.5,8458810.289
1476,347.6,8248000.0
1477,347.7,8074000.0
1478,347.8,7942839.993
1479,347.9,7862000.0
1480,348.0,7839000.0
1481,348.1,7880334.596
1482,348.2,7990000.0
1483,348.3,8171000.0
1484,348.4,8423971.253
1485,348.5,8746000.0
1486,348.6,9134000.0
1487,348.7,9585344.822
1488,348.8,10090000.0
1489,348.9,10640000.0
1490,349.0,11240748.484
1491,349.1,11890000.0
1492,349.2,12580000.0
1493,349.3,13298006.684
1494,349.4,14050000.0
1495,349.5,14840000.0
1496,349.6,15647105.115
1497,349.7,16460000.0
1498,349.8,17270000.0
1499,349.9,18060872.607
1500,350.0,18810000.0
1501,350.1,19495096.097
1502,350.2,20100000.0
1503,350.3,20610000.0
1504,350.4,21010675.252
1505,350.5,21290000.0
1506,350.6,21440000.0
1507,350.7,21466620.316
1508,350.8,21380000.0
1509,350.9,21190000.0
1510,351.0,20906939.653
1511,351.1,20550000.0
1512,351.2,20140000.0
1513,351.3,19694694.299
1514,351.4,19230000.0
1515,351.5,18760000.0
1516,351.6,18293321.976
1517,351.7,17840000.0
1518,351.8,17410000.0
1519,351.9,17008046.333
1520,352.0,16630000.0
1521,352.1,16270000.0
1522,352.2,15922646.177
1523,352.3,15580000.0
1524,352.4,15230000.0
1525,352.5,14851719.418
1526,352.6,14440000.0
1527,352.7,13990000.0
1528,352.8,13482754.796
1529,352.9,12910000.0
1530,353.0,12270000.0
1531,353.1,11569729.917
1532,353.2,10810000.0
1533,353.3,9994000.0
1534,353.4,9141308.921
1535,353.5,8268000.0
1536,353.6,7389000.0
1537,353.7,6522558.352
1538,353.8,5687000.0
1539,353.9,4899000.0
1540,354.0,4169720.541
1541,354.1,3510000.0
1542,354.2,2929000.0
1543,354.3,2428485.036
1544,354.4,2010000.0
1545,354.5,1674000.0
1546,354.6,1415672.524
1547,354.7,1232000.0
1548,354.8,1120000.0
1549,354.9,1074564.081
1550,355.0,1094000.0
1551,355.1,1177552.078
1552,355.2,1324000.0
1553,355.3,1533000.0
1554,355.4,1807534.496
1555,355.5,2149000.0
1556,355.6,2558000.0
1557,355.7,3034107.605
1558,355.8,3575000.0
1559,355.9,4177000.0
1560,356.0,4831883.38
1561,356.1,5527000.0
1562,356.2,6248000.0
1563,356.3,6976709.786
1564,356.4,7692000.0
1565,356.5,8372000.0
1566,356.6,8994618.307
1567,356.7,9540000.0
1568,356.8,9989000.0
1569,356.9,10326248.971
1570,357.0,10550000.0
1571,357.1,10660000.0
1572,357.2,10652740.743
1573,357.3,10540000.0
1574,357.4,10340000.0
1575,357.5,10077732.543
1576,357.6,9773000.0
1577,357.7,9445000.0
1578,357.8,9115863.67
1579,357.9,8801000.0
1580,358.0,8513000.0
1581,358.1,8259279.343
1582,358.2,8039000.0
1583,358.3,7849000.0
1584,358.4,7682966.142
1585,358.5,7529000.0
1586,358.6,7374000.0
1587,358.7,7205945.852
1588,358.8,7016000.0
1589,358.9,6796000.0
1590,359.0,6539194.56
1591,359.1,6246000.0
1592,359.2,5919000.0
1593,359.3,5562944.82
1594,359.4,5186000.0
1595,359.5,4797000.0
1596,359.6,4404450.157
1597,359.7,4017000.0
1598,359.8,3643000.0
1599,359.9,3288907.611
1600,360.0,2959000.0
1601,360.1,2656720.756
1602,360.2,2384000.0
1603,360.3,2142000.0
1604,360.4,1930426.324
1605,360.5,1749000.0
1606,360.6,1598000.0
1607,360.7,1479262.272
1608,360.8,1394000.0
1609,360.9,1344000.0
1610,361.0,1334013.892
1611,361.1,1368000.0
1612,361.2,1450000.0
1613,361.3,1585453.056
1614,361.4,1778000.0
1615,361.5,2031000.0
1616,361.6,2348008.478
1617,361.7,2729000.0
1618,361.8,3173000.0
1619,361.9,3677803.356
1620,362.0,4236000.0
1621,362.1,4839000.0
1622,362.2,5477693.536
1623,362.3,6139000.0
1624,362.4,6809000.0
1625,362.5,7474196.457
1626,362.6,8120000.0
1627,362.7,8733000.0
1628,362.8,9304976.544
1629,362.9,9826000.0
1630,363.0,10290000.0
1631,363.1,10705564.983
1632,363.2,11070000.0
1633,363.3,11380000.0
1634,363.4,11645655.699
1635,363.5,11880000.0
1636,363.6,12090000.0
1637,363.7,12264598.355
1638,363.8,12410000.0
1639,363.9,12530000.0
1640,364.0,12601868.805
1641,364.1,12620000.0
1642,364.2,12580000.0
1643,364.3,12460618.122
1644,364.4,12250000.0
1645,364.5,11940000.0
1646,364.6,11525212.091
1647,364.7,11010000.0
1648,364.8,10400000.0
1649,364.9,9700169.283
1650,365.0,8930000.0
1651,365.1,8112618.141
1652,365.2,7270000.0
1653,365.3,6424000.0
1654,365.4,5596498.957
1655,365.5,4807000.0
1656,365.6,4073000.0
1657,365.7,3405865.687
1658,365.8,2813000.0
1659,365.9,2300000.0
1660,366.0,1867169.184
1661,366.1,1511000.0
1662,366.2,1227000.0
1663,366.3,1009031.67
1664,366.4,849200.0
1665,366.5,739300.0
1666,366.6,671371.693
1667,366.7,637700.0
1668,366.8,630800.0
1669,366.9,644104.571
1670,367.0,672000.0
1671,367.1,709300.0
1672,367.2,752136.663
1673,367.3,798400.0
1674,367.4,846800.0
1675,367.5,898638.712
1676,367.6,959000.0
1677,367.7,1035000.0
1678,367.8,1140200.866
1679,367.9,1296000.0
1680,368.0,1528000.0
1681,368.1,1875449.706
1682,368.2,2394000.0
1683,368.3,3147000.0
1684,368.4,4219894.573
1685,368.5,5723000.0
1686,368.6,7777000.0
1687,368.7,10527291.181
1688,368.8,14140000.0
1689,368.9,18790000.0
1690,369.0,24663618.742
1691,369.1,31919999.999
1692,369.2,40709999.999
1693,369.3,51159674.323
1694,369.4,63299999.999
1695,369.5,77119999.999
1696,369.6,92505083.287
1697,369.7,109199999.998
1698,369.8,126899999.998
1699,369.9,145190366.645
1700,370.0,163499999.998
1701,370.1,181216531.18
1702,370.2,197699999.998
1703,370.3,212299999.999
1704,370.4,224390975.441
1705,370.5,233499999.999
1706,370.6,239200000.0
1707,370.7,241168588.172
1708,370.8,239400000.0
1709,370.9,234000000.001
1710,371.0,225259641.219
1711,371.1,213700000.001
1712,371.2,199900000.001
1713,371.3,184518350.704
1714,371.4,168400000.002
1715,371.5,152400000.002
1716,371.6,137249794.665
1717,371.7,123700000.001
1718,371.8,112500000.001
1719,371.9,104308466.586
1720,372.0,99640000.0
1721,372.1,98950000.0
1722,372.2,102565187.412
1723,372.3,110699999.999
1724,372.4,123499999.999
1725,372.5,140874438.303
1726,372.6,162499999.998
1727,372.7,187999999.997
1728,372.8,216869856.317
1729,372.9,248199999.997
1730,373.0,280999999.997
1731,373.1,314283334.655
1732,373.2,346799999.997
1733,373.3,377199999.997
1734,373.4,404109330.875
1735,373.5,426499999.998
1736,373.6,443399999.999
1737,373.7,453836293.942
1738,373.8,457400000.0
1739,373.9,453900000.001
1740,374.0,443490725.243
1741,374.1,426700000.002
1742,374.2,404200000.002
1743,374.3,376969947.303
1744,374.4,346200000.003
1745,374.5,313100000.003
1746,374.6,278818457.908
1747,374.7,244500000.003
1748,374.8,211200000.003
1749,374.9,179616150.217
1750,375.0,150400000.003
1751,375.1,124111744.574
1752,375.2,100900000.002
1753,375.3,80800000.002
1754,375.4,63767793.025
1755,375.5,49600000.001
1756,375.6,38040000.001
1757,375.7,28770297.296
1758,375.8,21470000.001
1759,375.9,15820000.0
1760,376.0,11509065.053
1761,376.1,8278000.0
1762,376.2,5889000.0
1763,376.3,4145586.024
1764,376.4,2896000.0
1765,376.5,2006000.0
1766,376.6,1379243.309
1767,376.7,945800.0
1768,376.8,645100.0
1769,376.9,437897.772
1770,377.0,297600.0
1771,377.1,201600.0
1772,377.2,136115.909
1773,377.3,92150.0
1774,377.4,62140.0
1775,377.5,41715.067
1776,377.6,28050.0
1777,377.7,18760.0
1778,377.8,12482.509
1779,377.9,8329.0
1780,378.0,5545.0
1781,378.1,3697.693
1782,378.2,2504.0
1783,378.3,1723.0
1784,378.4,1215.408
1785,378.5,893.4
1786,378.6,683.6
1787,378.7,544.828
1788,378.8,452.2
1789,378.9,385.4
1790,379.0,334.182
1791,379.1,293.0
1792,379.2,257.5
1793,379.3,225.887
1794,379.4,197.5
1795,379.5,171.9
1796,379.6,149.018
1797,379.7,128.9
1798,379.8,111.6
1799,379.9,97.162
1800,380.0,85.61
1801,380.1,77.007
1802,380.2,71.6
1803,380.3,69.71
1804,380.4,72.05
1805,380.5,80.49
1806,380.6,97.38
1807,380.7,126.959
1808,380.8,178.0
1809,380.9,261.3
1810,381.0,395.092
1811,381.1,613.2
1812,381.2,956.6
1813,381.3,1490.667
1814,381.4,2326.0
1815,381.5,3594.0
1816,381.6,5493.181
1817,381.7,8335.0
1818,381.8,12480.0
1819,381.9,18431.212
1820,382.0,26910.0
1821,382.1,38740.0
1822,382.2,55017.982
1823,382.3,77130.0
1824,382.4,106600.0
1825,382.5,145311.254
1826,382.6,195400.0
1827,382.7,259100.0
1828,382.8,338825.203
1829,382.9,436900.0
1830,383.0,555600.0
1831,383.1,696866.895
1832,383.2,861500.0
1833,383.3,1050000.0
1834,383.4,1262386.669
1835,383.5,1497000.0
1836,383.6,1751000.0
1837,383.7,2018638.982
1838,383.8,2294000.0
1839,383.9,2571000.0
1840,384.0,2842017.556
1841,384.1,3098000.0
1842,384.2,3330000.0
1843,384.3,3530508.14
1844,384.4,3692000.0
1845,384.5,3808000.0
1846,384.6,3876483.609
1847,384.7,3896000.0
1848,384.8,3866000.0
1849,384.9,3790362.801
1850,385.0,3675000.0
1851,385.1,3526853.571
1852,385.2,3356000.0
1853,385.3,3173000.0
1854,385.4,2987627.464
1855,385.5,2811000.0
1856,385.6,2654000.0
1857,385.7,2524997.122
1858,385.8,2432000.0
1859,385.9,2382000.0
1860,386.0,2377702.925
1861,386.1,2421000.0
1862,386.2,2513000.0
1863,386.3,2651023.21
1864,386.4,2830000.0
1865,386.5,3044000.0
1866,386.6,3285031.837
1867,386.7,3544000.0
1868,386.8,3811000.0
1869,386.9,4074220.268
1870,387.0,4324000.0
1871,387.1,4551000.0
1872,387.2,4745382.318
1873,387.3,4901000.0
1874,387.4,5013000.0
1875,387.5,5078705.668
1876,387.6,5100000.0
1877,387.7,5080000.0
1878,387.8,5023305.538
1879,387.9,4938000.0
1880,388.0,4833000.0
1881,388.1,4717405.164
1882,388.2,4601000.0
1883,388.3,4493000.0
1884,388.4,4399474.508
1885,388.5,4325000.0
1886,388.6,4273000.0
1887,388.7,4242824.713
1888,388.8,4232000.0
1889,388.9,4237000.0
1890,389.0,4251433.55
1891,389.1,4270000.0
1892,389.2,4288000.0
1893,389.3,4303395.318
1894,389.4,4323000.0
1895,389.5,4358000.0
1896,389.6,4435318.885
1897,389.7,4612000.0
1898,389.8,4962000.0
1899,389.9,5615422.396
1900,390.0,6778000.0
1901,390.1,8725733.958
1902,390.2,11950000.0
1903,390.3,17039999.999
1904,390.4,24878151.848
1905,390.5,36859999.998
1906,390.6,54609999.998
1907,390.7,80435369.705
1908,390.8,117699999.995
1909,390.9,170199999.993
1910,391.0,242900078.615
1911,391.1,342499999.987
1912,391.2,476399999.983
1913,391.3,653504598.941
1914,391.4,883999999.972
1915,391.5,1178999999.964
1916,391.6,1551658705.261
1917,391.7,2012999999.945
1918,391.8,2573999999.933
1919,391.9,3246755333.197
1920,392.0,4037999999.907
1921,392.1,4951999999.894
1922,392.2,5987798960.364
1923,392.3,7137999999.868
1924,392.4,8391999999.858
1925,392.5,9729628554.073
1926,392.6,11119999999.846
1927,392.7,12529999999.845
1928,392.8,13924443629.808
1929,392.9,15259999999.859
1930,393.0,16489999999.873
1931,393.1,17565747710.014
1932,393.2,18449999999.915
1933,393.3,19109999999.941
1934,393.4,19519645876.917
1935,393.5,19660000000.0
1936,393.6,19520000000.03
1937,393.7,19113763382.626
1938,393.8,18460000000.085
1939,393.9,17580000000.108
1940,394.0,16508686552.974
1941,394.1,15290000000.141
1942,394.2,13970000000.149
1943,394.3,12595878186.711
1944,394.4,11210000000.152
1945,394.5,9854000000.146
1946,394.6,8568800338.943
1947,394.7,7383000000.125
1948,394.8,6321000000.11
1949,394.9,5401527065.025
1950,395.0,4635000000.076
1951,395.1,4028486693.017
1952,395.2,3583000000.04
1953,395.3,3297000000.023
1954,395.4,3164461061.113
1955,395.5,3176999999.991
1956,395.6,3324999999.976
1957,395.7,3595034754.155
1958,395.8,3971999999.953
1959,395.9,4439999999.943
1960,396.0,4980327628.795
1961,396.1,5571999999.932
1962,396.2,6192999999.93
1963,396.3,6819043493.049
1964,396.4,7425999999.934
1965,396.5,7989999999.94
1966,396.6,8488096514.428
1967,396.7,8899999999.959
1968,396.8,9206999999.972
1969,396.9,9395577481.3
1970,397.0,9459000000.0
1971,397.1,9393000000.015
1972,397.2,9198979445.92
1973,397.3,8886000000.041
1974,397.4,8466000000.052
1975,397.5,7955853930.059
1976,397.6,7374000000.069
1977,397.7,6740000000.073
1978,397.8,6076506469.147
1979,397.9,5403000000.076
1980,398.0,4738000000.074
1981,398.1,4098871340.683
1982,398.2,3497000000.065
1983,398.3,2942000000.06
1984,398.4,2441374310.493
1985,398.5,1998000000.047
1986,398.6,1613000000.04
1987,398.7,1284555471.235
1988,398.8,1009000000.028
1989,398.9,782000000.023
1990,399.0,597847993.185
1991,399.1,450900000.015
1992,399.2,335600000.011
1993,399.3,246488422.894
1994,399.4,178800000.007
1995,399.5,128100000.005
1996,399.6,90700061.551
1997,399.7,63620000.003
1998,399.8,44180000.002
1999,399.9,30426281.104
2000,400.0,20890000.001
2001,400.1,14295473.26
2002,400.2,9816000.0
2003,400.3,6782000.0
2004,400.4,4732396.35
2005,400.5,3367000.0
2006,400.6,2438000.0
2007,400.7,1798920.163
2008,400.8,1358000.0
2009,400.9,1040000.0
2010,401.0,805891.177
2011,401.1,631200.0
2012,401.2,495500.0
2013,401.3,388943.073
2014,401.4,305300.0
2015,401.5,239200.0
2016,401.6,187726.45
2017,401.7,148800.0
2018,401.8,120600.0
2019,401.9,102135.652
2020,402.0,92750.0
2021,402.1,91940.0
2022,402.2,99748.662
2023,402.3,116600.0
2024,402.4,143100.0
2025,402.5,180302.365
2026,402.6,229300.0
2027,402.7,291300.0
2028,402.8,367880.489
2029,402.9,460100.0
2030,403.0,568900.0
2031,403.1,695157.712
2032,403.2,838800.0
2033,403.3,999300.0
2034,403.4,1175151.546
2035,403.5,1364000.0
2036,403.6,1563000.0
2037,403.7,1767928.748
2038,403.8,1974000.0
2039,403.9,2176000.0
2040,404.0,2367406.548
2041,404.1,2542000.0
2042,404.2,2694000.0
2043,404.3,2818622.75
2044,404.4,2911000.0
2045,404.5,2967000.0
2046,404.6,2985621.081
2047,404.7,2966000.0
2048,404.8,2908000.0
2049,404.9,2814879.005
2050,405.0,2690000.0
2051,405.1,2537074.335
2052,405.2,2362000.0
2053,405.3,2171000.0
2054,405.4,1969617.383
2055,405.5,1764000.0
2056,405.6,1560000.0
2057,405.7,1361620.106
2058,405.8,1173000.0
2059,405.9,998000.0
2060,406.0,838619.255
2061,406.1,696000.0
2062,406.2,571000.0
2063,406.3,463653.342
2064,406.4,373400.0
2065,406.5,299500.0
2066,406.6,240957.547
2067,406.7,196900.0
2068,406.8,166500.0
2069,406.9,149088.637
2070,407.0,144700.0
2071,407.1,153600.0
2072,407.2,176466.332
2073,407.3,214800.0
2074,407.4,270400.0
2075,407.5,345614.509
2076,407.6,443400.0
2077,407.7,566900.0
2078,407.8,719596.065
2079,407.9,905400.0
2080,408.0,1128000.0
2081,408.1,1389949.495
2082,408.2,1694000.0
2083,408.3,2043000.0
2084,408.4,2439083.608
2085,408.5,2882000.0
2086,408.6,3371000.0
2087,408.7,3905221.427
2088,408.8,4482000.0
2089,408.9,5098000.0
2090,409.0,5748973.512
2091,409.1,6430000.0
2092,409.2,7136000.0
2093,409.3,7861743.005
2094,409.4,8602000.0
2095,409.5,9351000.0
2096,409.6,10101668.064
2097,409.7,10850000.0
2098,409.8,11590000.0
2099,409.9,12307611.993
2100,410.0,13000000.0
2101,410.1,13663872.711
2102,410.2,14280000.0
2103,410.3,14830000.0
2104,410.4,15312291.315
2105,410.5,15720000.0
2106,410.6,16040000.0
2107,410.7,16249142.667
2108,410.8,16340000.0
2109,410.9,16310000.0
2110,411.0,16156920.022
2111,411.1,15880000.0
2112,411.2,15480000.0
2113,411.3,14964367.673
2114,411.4,14350000.0
2115,411.5,13650000.0
2116,411.6,12863278.905
2117,411.7,12020000.0
2118,411.8,11150000.0
2119,411.9,10252205.351
2120,412.0,9346000.0
2121,412.1,8455000.0
2122,412.2,7590154.027
2123,412.3,6761000.0
2124,412.4,5977000.0
2125,412.5,5244932.069
2126,412.6,4569000.0
2127,412.7,3952000.0
2128,412.8,3393293.045
2129,412.9,2892000.0
2130,413.0,2447000.0
2131,413.1,2055360.125
2132,413.2,1713000.0
2133,413.3,1416000.0
2134,413.4,1161401.394
2135,413.5,944900.0
2136,413.6,762000.0
2137,413.7,609061.475
2138,413.8,482400.0
2139,413.9,378400.0
2140,414.0,293988.968
2141,414.1,226200.0
2142,414.2,172200.0
2143,414.3,129742.525
2144,414.4,96800.0
2145,414.5,71450.0
2146,414.6,52166.426
2147,414.7,37720.0
2148,414.8,26990.0
2149,414.9,19114.583
2150,415.0,13430.0
2151,415.1,9352.492
2152,415.2,6476.0
2153,415.3,4460.0
2154,415.4,3061.374
2155,415.5,2110.0
2156,415.6,1461.0
2157,415.7,1022.95
2158,415.8,734.1
2159,415.9,542.3
2160,416.0,417.87
2161,416.1,342.3
2162,416.2,300.4
2163,416.3,284.804
2164,416.4,291.9
2165,416.5,319.1
2166,416.6,366.139
2167,416.7,433.9
2168,416.8,523.5
2169,416.9,636.356
2170,417.0,773.8
2171,417.1,937.0
2172,417.2,1126.481
2173,417.3,1342.0
2174,417.4,1583.0
2175,417.5,1847.983
2176,417.6,2134.0
2177,417.7,2438.0
2178,417.8,2758.382
2179,417.9,3096.0
2180,418.0,3453.0
2181,418.1,3839.568
2182,418.2,4287.0
2183,418.3,4836.0
2184,418.4,5564.675
2185,418.5,6636.0
2186,418.6,8250.0
2187,418.7,10743.894
2188,418.8,14750.0
2189,418.9,21030.0
2190,419.0,30787.94
2191,419.1,46100.0
2192,419.2,69430.0
2193,419.3,104487.921
2194,419.4,157200.0
2195,419.5,234500.0
2196,419.6,346346.084
2197,419.7,507300.0
2198,419.8,734200.0
2199,419.9,1050330.124
2200,420.0,1486000.0
2201,420.1,2075966.451
2202,420.2,2867000.0
2203,420.3,3911000.0
2204,420.4,5270413.843
2205,420.5,7018000.0
2206,420.6,9231000.0
2207,420.7,11995948.112
2208,420.8,15400000.0
2209,420.9,19529999.999
2210,421.0,24468656.892
2211,421.1,30279999.999
2212,421.2,37019999.999
2213,421.3,44719608.728
2214,421.4,53359999.999
2215,421.5,62899999.999
2216,421.6,73246528.411
2217,421.7,84259999.999
2218,421.8,95759999.999
2219,421.9,107469081.657
2220,422.0,119199999.999
2221,422.1,130699999.999
2222,422.2,141436737.299
2223,422.3,151199999.999
2224,422.4,159799999.999
2225,422.5,166782846.497
2226,422.6,171899999.999
2227,422.7,175000000.0
2228,422.8,176034883.419
2229,422.9,175000000.0
2230,423.0,171900000.001
2231,423.1,166782846.499
2232,423.2,159800000.001
2233,423.3,151200000.001
2234,423.4,141436737.305
2235,423.5,130700000.001
2236,423.6,119200000.001
2237,423.7,107469081.707
2238,423.8,95760000.001
2239,423.9,84260000.001
2240,424.0,73246529.14
2241,424.1,62900000.001
2242,424.2,53360000.001
2243,424.3,44719619.937
2244,424.4,37020000.001
2245,424.5,30280000.001
2246,424.6,24468829.863
2247,424.7,19530000.001
2248,424.8,15400000.0
2249,424.9,11999742.931
2250,425.0,9240000.0
2251,425.1,7031566.712
2252,425.2,5292000.0
2253,425.3,3942000.0
2254,425.4,2910803.339
2255,425.5,2140000.0
2256,425.6,1576000.0
2257,425.7,1175847.539
2258,425.8,907700.0
2259,425.9,743800.0
2260,426.0,665008.507
2261,426.1,659200.0
2262,426.2,716700.0
2263,426.3,833134.327
2264,426.4,1008000.0
2265,426.5,1242000.0
2266,426.6,1538048.562
2267,426.7,1900000.0
2268,426.8,2332000.0
2269,426.9,2838580.884
2270,427.0,3423000.0
2271,427.1,4088000.0
2272,427.2,4835080.135
2273,427.3,5663000.0
2274,427.4,6570000.0
2275,427.5,7553661.213
2276,427.6,8607000.0
2277,427.7,9723000.0
2278,427.8,10897418.664
2279,427.9,12120000.0
2280,428.0,13380000.0
2281,428.1,14672953.078
2282,428.2,16000000.0
2283,428.3,17360000.0
2284,428.4,18742479.046
2285,428.5,20150000.0
2286,428.6,21590000.0
2287,428.7,23070472.137
2288,428.8,24590000.0
2289,428.9,26150000.0
2290,429.0,27766089.086
2291,429.1,29430000.0
2292,429.2,31130000.0
2293,429.3,32865158.696
2294,429.4,34620000.0
2295,429.5,36370000.0
2296,429.6,38076370.699
2297,429.7,39710000.0
2298,429.8,41240000.0
2299,429.9,42617337.144
2300,430.0,43800000.0
2301,430.1,44750861.135
2302,430.2,45440000.0
2303,430.3,45840000.0
2304,430.4,45929396.596
2305,430.5,45700000.0
2306,430.6,45150000.0
2307,430.7,44292286.109
2308,430.8,43150000.0
2309,430.9,41750000.0
2310,431.0,40127288.098
2311,431.1,38320000.0
2312,431.2,36370000.0
2313,431.3,34326929.405
2314,431.4,32220000.0
2315,431.5,30080000.0
2316,431.6,27957617.674
2317,431.7,25870000.0
2318,431.8,23830000.0
2319,431.9,21867394.541
2320,432.0,19990000.0
2321,432.1,18200000.0
2322,432.2,16503247.71
2323,432.3,14900000.0
2324,432.4,13390000.0
2325,432.5,11976694.955
2326,432.6,10660000.0
2327,432.7,9438000.0
2328,432.8,8307149.094
2329,432.9,7267000.0
2330,433.0,6318000.0
2331,433.1,5460116.005
2332,433.2,4692000.0
2333,433.3,4012000.0
2334,433.4,3418398.977
2335,433.5,2909000.0
2336,433.6,2481000.0
2337,433.7,2129818.138
2338,433.8,1851000.0
2339,433.9,1640000.0
2340,434.0,1491282.162
2341,434.1,1399000.0
2342,434.2,1357000.0
2343,434.3,1358305.38
2344,434.4,1397000.0
2345,434.5,1467000.0
2346,434.6,1560576.223
2347,434.7,1671000.0
2348,434.8,1792000.0
2349,434.9,1917501.074
2350,435.0,2041000.0
2351,435.1,2156182.626
2352,435.2,2258000.0
2353,435.3,2342000.0
2354,435.4,2404789.078
2355,435.5,2443000.0
2356,435.6,2454000.0
2357,435.7,2438173.084
2358,435.8,2396000.0
2359,435.9,2328000.0
2360,436.0,2235893.722
2361,436.1,2123000.0
2362,436.2,1993000.0
2363,436.3,1849679.602
2364,436.4,1697000.0
2365,436.5,1539000.0
2366,436.6,1379765.114
2367,436.7,1223000.0
2368,436.8,1072000.0
2369,436.9,928867.169
2370,437.0,795500.0
2371,437.1,673600.0
2372,437.2,563900.999
2373,437.3,466600.0
2374,437.4,381700.0
2375,437.5,308698.322
2376,437.6,246800.0
2377,437.7,195100.0
2378,437.8,152460.496
2379,437.9,117800.0
2380,438.0,90040.0
2381,438.1,68046.866
2382,438.2,50880.0
2383,438.3,37670.0
2384,438.4,27647.175
2385,438.5,20200.0
2386,438.6,14780.0
2387,438.7,10974.216
2388,438.8,8499.0
2389,438.9,7122.0
2390,439.0,6738.925
2391,439.1,7370.0
2392,439.2,9088.0
2393,439.3,12112.242
2394,439.4,16830.0
2395,439.5,23710.0
2396,439.6,33465.333
2397,439.7,47090.0
2398,439.8,65720.0
2399,439.9,90905.171
2400,440.0,124600.0
2401,440.1,169019.561
2402,440.2,227100.0
2403,440.3,302100.0
2404,440.4,397958.317
2405,440.5,519200.0
2406,440.6,670700.0
2407,440.7,858284.359
2408,440.8,1088000.0
2409,440.9,1366000.0
2410,441.0,1698961.744
2411,441.1,2094000.0
2412,441.2,2558000.0
2413,441.3,3096585.179
2414,441.4,3715000.0
2415,441.5,4418000.0
2416,441.6,5208233.531
2417,441.7,6087000.0
2418,441.8,7054000.0
2419,441.9,8104284.561
2420,442.0,9235000.0
2421,442.1,10440000.0
2422,442.2,11699302.161
2423,442.3,13000000.0
2424,442.4,14330000.0
2425,442.5,15669773.943
2426,442.6,17000000.0
2427,442.7,18300000.0
2428,442.8,19544693.961
2429,442.9,20720000.0
2430,443.0,21810000.0
2431,443.1,22786732.458
2432,443.2,23650000.0
2433,443.3,24400000.0
2434,443.4,25017159.132
2435,443.5,25520000.0
2436,443.6,25930000.0
2437,443.7,26244234.097
2438,443.8,26490000.0
2439,443.9,26700000.0
2440,444.0,26892219.371
2441,444.1,27090000.0
2442,444.2,27320000.0
2443,444.3,27607666.149
2444,444.4,27960000.0
2445,444.5,28380000.0
2446,444.6,28870355.938
2447,444.7,29420000.0
2448,444.8,30010000.0
2449,444.9,30606600.898
2450,445.0,31180000.0
2451,445.1,31699167.931
2452,445.2,32120000.0
2453,445.3,32400000.0
2454,445.4,32512376.816
2455,445.5,32420000.0
2456,445.6,32090000.0
2457,445.7,31520172.716
2458,445.8,30710000.0
2459,445.9,29660000.0
2460,446.0,28382800.281
2461,446.1,26900000.0
2462,446.2,25240000.0
2463,446.3,23449481.641
2464,446.4,21570000.0
2465,446.5,19640000.0
2466,446.6,17695415.156
2467,446.7,15770000.0
2468,446.8,13900000.0
2469,446.9,12126953.278
2470,447.0,10470000.0
2471,447.1,8942000.0
2472,447.2,7554360.652
2473,447.3,6312000.0
2474,447.4,5217000.0
2475,447.5,4265761.82
2476,447.6,3450000.0
2477,447.7,2760000.0
2478,447.8,2183822.558
2479,447.9,1709000.0
2480,448.0,1323000.0
2481,448.1,1013200.322
2482,448.2,767700.0
2483,448.3,575200.0
2484,448.4,426232.426
2485,448.5,312600.0
2486,448.6,226700.0
2487,448.7,162639.785
2488,448.8,115700.0
2489,448.9,81600.0
2490,449.0,57180.494
2491,449.1,40170.0
2492,449.2,28590.0
2493,449.3,21076.617
2494,449.4,16760.0
2495,449.5,14930.0
2496,449.6,15204.565
2497,449.7,17480.0
2498,449.8,21750.0
2499,449.9,28216.642
2500,450.0,37240.0
2501,450.1,49255.872
2502,450.2,64890.0
2503,450.3,84830.0
2504,450.4,109855.711
2505,450.5,140900.0
2506,450.6,178900.0
2507,450.7,224708.898
2508,450.8,279300.0
2509,450.9,343600.0
2510,451.0,418185.951
2511,451.1,503500.0
2512,451.2,599900.0
2513,451.3,707310.84
2514,451.4,825000.0
2515,451.5,952100.0
2516,451.6,1087507.062
2517,451.7,1229000.0
2518,451.8,1374000.0
2519,451.9,1519636.127
2520,452.0,1663000.0
2521,452.1,1801000.0
2522,452.2,1929865.409
2523,452.3,2046000.0
2524,452.4,2146000.0
2525,452.5,2227027.708
2526,452.6,2287000.0
2527,452.7,2324000.0
2528,452.8,2336439.066
2529,452.9,2324000.0
2530,453.0,2287000.0
2531,453.1,2227027.809
2532,453.2,2146000.0
2533,453.3,2046000.0
2534,453.4,1929866.973
2535,453.5,1801000.0
2536,453.6,1663000.0
2537,453.7,1519660.268
2538,453.8,1374000.0
2539,453.9,1229000.0
2540,454.0,1088029.685
2541,454.1,953300.0
2542,454.2,826700.0
2543,454.3,709962.345
2544,454.4,604000.0
2545,454.5,509500.0
2546,454.6,426961.666
2547,454.7,356400.0
2548,454.8,297700.0
2549,454.9,250705.981
2550,455.0,215300.0
2551,455.1,191435.454
2552,455.2,179300.0
2553,455.3,179200.0
2554,455.4,191813.104
2555,455.5,218400.0
2556,455.6,260400.0
2557,455.7,319605.154
2558,455.8,398500.0
2559,455.9,499800.0
2560,456.0,626554.277
2561,456.1,782100.0
2562,456.2,969800.0
2563,456.3,1192948.633
2564,456.4,1455000.0
2565,456.5,1759000.0
2566,456.6,2106262.037
2567,456.7,2498000.0
2568,456.8,2935000.0
2569,456.9,3415712.944
2570,457.0,3937000.0
2571,457.1,4495000.0
2572,457.2,5083538.592
2573,457.3,5694000.0
2574,457.4,6317000.0
2575,457.5,6941635.238
2576,457.6,7555000.0
2577,457.7,8144000.0
2578,457.8,8696182.598
2579,457.9,9198000.0
2580,458.0,9635000.0
2581,458.1,9993320.039
2582,458.2,10270000.0
2583,458.3,10460000.0
2584,458.4,10545278.006
2585,458.5,10530000.0
2586,458.6,10420000.0
2587,458.7,10206614.047
2588,458.8,9900000.0
2589,458.9,9514000.0
2590,459.0,9055239.726
2591,459.1,8536000.0
2592,459.2,7970000.0
2593,459.3,7369351.709
2594,459.4,6748000.0
2595,459.5,6120000.0
2596,459.6,5497211.768
2597,459.7,4890000.0
2598,459.8,4308000.0
2599,459.9,3758555.688
2600,460.0,3247000.0
2601,460.1,2777738.34
2602,460.2,2353000.0
2603,460.3,1974000.0
2604,460.4,1639937.264
2605,460.5,1349000.0
2606,460.6,1099000.0
2607,460.7,886714.244
2608,460.8,708400.0
2609,460.9,560300.0
2610,461.0,438846.014
2611,461.1,340400.0
2612,461.2,261400.0
2613,461.3,198761.479
2614,461.4,149700.0
2615,461.5,111600.0
2616,461.6,82378.155
2617,461.7,60270.0
2618,461.8,43650.0
2619,461.9,31294.93
2620,462.0,22250.0
2621,462.1,15660.0
2622,462.2,10913.766
2623,462.3,7554.0
2624,462.4,5178.0
2625,462.5,3514.939
2626,462.6,2374.0
2627,462.7,1590.0
2628,462.8,1055.726
2629,462.9,699.5
2630,463.0,460.6
2631,463.1,301.625
2632,463.2,198.3
2633,463.3,130.3
2634,463.4,85.909
2635,463.5,57.83
2636,463.6,40.02
2637,463.7,29.237
2638,463.8,23.67
2639,463.9,21.92
2640,464.0,23.587
2641,464.1,29.03
2642,464.2,38.87
2643,464.3,54.523
2644,464.4,78.67
2645,464.5,114.5
2646,464.6,166.769
2647,464.7,243.2
2648,464.8,352.9
2649,464.9,508.995
2650,465.0,730.2
2651,465.1,1038.992
2652,465.2,1468.0
2653,465.3,2055.0
2654,465.4,2851.517
2655,465.5,3925.0
2656,465.6,5350.0
2657,465.7,7222.175
2658,465.8,9665.0
2659,465.9,12810.0
2660,466.0,16805.94
2661,466.1,21840.0
2662,466.2,28110.0
2663,466.3,35824.27
2664,466.4,45210.0
2665,466.5,56500.0
2666,466.6,69921.491
2667,466.7,85660.0
2668,466.8,103900.0
2669,466.9,124828.835
2670,467.0,148500.0
2671,467.1,174900.0
2672,467.2,203902.95
2673,467.3,235400.0
2674,467.4,269200.0
2675,467.5,304754.39
2676,467.6,341500.0
2677,467.7,378900.0
2678,467.8,416365.09
2679,467.9,453000.0
2680,468.0,487900.0
2681,468.1,520379.513
2682,468.2,549600.0
2683,468.3,574700.0
2684,468.4,594979.858
2685,468.5,609900.0
2686,468.6,619000.0
2687,468.7,622045.794
2688,468.8,619000.0
2689,468.9,609900.0
2690,469.0,594979.945
2691,469.1,574700.0
2692,469.2,549600.0
2693,469.3,520380.858
2694,469.4,487900.0
2695,469.5,453000.0
2696,469.6,416385.85
2697,469.7,378900.0
2698,469.8,341400.0
2699,469.9,304599.814
2700,470.0,269100.0
2701,470.1,235427.818
2702,470.2,203900.0
2703,470.3,174800.0
2704,470.4,148420.399
2705,470.5,124800.0
2706,470.6,103900.0
2707,470.7,85634.615
2708,470.8,69870.0
2709,470.9,56450.0
2710,471.0,45164.89
2711,471.1,35780.0
2712,471.2,28060.0
2713,471.3,21783.684
2714,471.4,16750.0
2715,471.5,12760.0
2716,471.6,9618.094
2717,471.7,7177.0
2718,471.8,5304.0
2719,471.9,3880.017
2720,472.0,2812.0
2721,472.1,2017.0
2722,472.2,1431.296
2723,472.3,1007.0
2724,472.4,701.5
2725,472.5,483.279
2726,472.6,330.2
2727,472.7,223.2
2728,472.8,149.146
2729,472.9,98.97
2730,473.0,64.93
2731,473.1,42.083
2732,473.2,27.13
2733,473.3,17.28
2734,473.4,10.862
2735,473.5,6.803
2736,473.6,4.206
2737,473.7,2.563
2738,473.8,1.56
2739,473.9,0.936
2740,474.0,0.553
2741,474.1,0.327
2742,474.2,0.191
2743,474.3,0.109
2744,474.4,0.063
2745,474.5,0.036
2746,474.6,0.02
2747,474.7,0.011
2748,474.8,0.006
2749,474.9,0.003
2750,475.0,0.002
2751,475.1,0.001
2752,475.2,0.0
2753,475.3,0.0
2754,475.4,0.0
2755,475.5,0.0
2756,475.6,0.0
2757,475.7,0.0
2758,475.8,0.0
2759,475.9,0.0
2760,476.0,0.0
2761,476.1,0.0
2762,476.2,0.0
2763,476.3,0.0
2764,476.4,0.0
2765,476.5,0.0
2766,476.6,0.0
2767,476.7,0.0
2768,476.8,0.0
2769,476.9,0.0
2770,477.0,0.001
2771,477.1,0.001
2772,477.2,0.002
2773,477.3,0.003
2774,477.4,0.005
2775,477.5,0.007
2776,477.6,0.012
2777,477.7,0.019
2778,477.8,0.029
2779,477.9,0.046
2780,478.0,0.07
2781,478.1,0.106
2782,478.2,0.16
2783,478.3,0.238
2784,478.4,0.352
2785,478.5,0.516
2786,478.6,0.75
2787,478.7,1.077
2788,478.8,1.536
2789,478.9,2.169
2790,479.0,3.033
2791,479.1,4.207
2792,479.2,5.779
2793,479.3,7.864
2794,479.4,10.61
2795,479.5,14.18
2796,479.6,18.778
2797,479.7,24.65
2798,479.8,32.06
2799,479.9,41.319
2800,480.0,52.78
2801,480.1,66.808
2802,480.2,83.78
2803,480.3,104.1
2804,480.4,128.247
2805,480.5,156.6
2806,480.6,189.5
2807,480.7,227.253
2808,480.8,270.1
2809,480.9,318.2
2810,481.0,371.466
2811,481.1,429.8
2812,481.2,493.0
2813,481.3,560.424
2814,481.4,631.4
2815,481.5,705.2
2816,481.6,780.755
2817,481.7,856.8
2818,481.8,932.1
2819,481.9,1005.462
2820,482.0,1075.0
2821,482.1,1139.0
2822,482.2,1196.851
2823,482.3,1247.0
2824,482.4,1288.0
2825,482.5,1319.867
2826,482.6,1342.0
2827,482.7,1354.0
2828,482.8,1357.213
2829,482.9,1353.0
2830,483.0,1343.0
2831,483.1,1330.933
2832,483.2,1323.0
2833,483.3,1326.0
2834,483.4,1348.743
2835,483.5,1407.0
2836,483.6,1519.0
2837,483.7,1708.964
2838,483.8,2014.0
2839,483.9,2477.0
2840,484.0,3157.696
2841,484.1,4142.0
2842,484.2,5526.0
2843,484.3,7436.692
2844,484.4,10060.0
2845,484.5,13600.0
2846,484.6,18299.648
2847,484.7,24490.0
2848,484.8,32540.0
2849,484.9,42903.609
2850,485.0,56120.0
2851,485.1,72768.397
2852,485.2,93520.0
2853,485.3,119100.0
2854,485.4,150348.462
2855,485.5,188100.0
2856,485.6,233200.0
2857,485.7,286527.765
2858,485.8,348800.0
2859,485.9,420700.0
2860,486.0,502869.403
2861,486.1,595600.0
2862,486.2,699000.0
2863,486.3,812810.481
2864,486.4,936700.0
2865,486.5,1070000.0
2866,486.6,1210755.547
2867,486.7,1357000.0
2868,486.8,1507000.0
2869,486.9,1659138.002
2870,487.0,1810000.0
2871,487.1,1956000.0
2872,487.2,2094633.478
2873,487.3,2223000.0
2874,487.4,2338000.0
2875,487.5,2436555.906
2876,487.6,2516000.0
2877,487.7,2574000.0
2878,487.8,2609233.06
2879,487.9,2621000.0
2880,488.0,2609000.0
2881,488.1,2573931.526
2882,488.2,2516000.0
2883,488.3,2436000.0
2884,488.4,2337455.597
2885,488.5,2223000.0
2886,488.6,2095000.0
2887,488.7,1956380.224
2888,488.8,1810000.0
2889,488.9,1659000.0
2890,489.0,1507312.87
2891,489.1,1357000.0
2892,489.2,1210000.0
2893,489.3,1069431.755
2894,489.4,936700.0
2895,489.5,812800.0
2896,489.6,698979.331
2897,489.7,595600.0
2898,489.8,502800.0
2899,489.9,420685.373
2900,490.0,348800.0
2901,490.1,286527.304
2902,490.2,233200.0
2903,490.3,188100.0
2904,490.4,150361.534
2905,490.5,119100.0
2906,490.6,93460.0
2907,490.7,72683.969
2908,490.8,56040.0
2909,490.9,42820.0
2910,491.0,32428.733
2911,491.1,24370.0
2912,491.2,18180.0
2913,491.3,13468.769
2914,491.4,9939.0
2915,491.5,7325.0
2916,491.6,5418.441
2917,491.7,4063.0
2918,491.8,3121.0
2919,491.9,2494.07
2920,492.0,2112.0
2921,492.1,1914.0
2922,492.2,1859.651
2923,492.3,1922.0
2924,492.4,2079.0
2925,492.5,2319.89
2926,492.6,2639.0
2927,492.7,3033.0
2928,492.8,3505.642
2929,492.9,4063.0
2930,493.0,4713.0
2931,493.1,5470.442
2932,493.2,6352.0
2933,493.3,7376.0
2934,493.4,8568.459
2935,493.5,9962.0
2936,493.6,11590.0
2937,493.7,13487.051
2938,493.8,15700.0
2939,493.9,18280.0
2940,494.0,21282.075
2941,494.1,24760.0
2942,494.2,28770.0
2943,494.3,33376.36
2944,494.4,38630.0
2945,494.5,44580.0
2946,494.6,51276.499
2947,494.7,58740.0
2948,494.8,66980.0
2949,494.9,75991.881
2950,495.0,85760.0
2951,495.1,96242.417
2952,495.2,107300.0
2953,495.3,118800.0
2954,495.4,130692.663
2955,495.5,142800.0
2956,495.6,154900.0
2957,495.7,166763.856
2958,495.8,178200.0
2959,495.9,189000.0
2960,496.0,198884.601
2961,496.1,207700.0
2962,496.2,215300.0
2963,496.3,221459.966
2964,496.4,226100.0
2965,496.5,229200.0
2966,496.6,230807.379
2967,496.7,231000.0
2968,496.8,229900.0
2969,496.9,227791.901
2970,497.0,225000.0
2971,497.1,221900.0
2972,497.2,219042.093
2973,497.3,216900.0
2974,497.4,216000.0
2975,497.5,217160.543
2976,497.6,221100.0
2977,497.7,228500.0
2978,497.8,240096.325
2979,497.9,256700.0
2980,498.0,279100.0
2981,498.1,307944.998
2982,498.2,343900.0
2983,498.3,387600.0
2984,498.4,439488.64
2985,498.5,499900.0
2986,498.6,569100.0
2987,498.7,647103.926
2988,498.8,733700.0
2989,498.9,828600.0
2990,499.0,931309.72
2991,499.1,1041000.0
2992,499.2,1157000.0
2993,499.3,1279046.739
2994,499.4,1405000.0
2995,499.5,1533000.0
2996,499.6,1663739.729
2997,499.7,1796000.0
2998,499.8,1928000.0
2999,499.9,2058544.054
3000,500.0,2187000.0
3001,500.1,2312901.44
3002,500.2,2436000.0
3003,500.3,2556000.0
3004,500.4,2672349.668
3005,500.5,2785000.0
3006,500.6,2894000.0
3007,500.7,2999268.409
3008,500.8,3101000.0
3009,500.9,3199000.0
3010,501.0,3291685.666
3011,501.1,3379000.0
3012,501.2,3461000.0
3013,501.3,3536359.422
3014,501.4,3604000.0
3015,501.5,3663000.0
3016,501.6,3712260.372
3017,501.7,3750000.0
3018,501.8,3775000.0
3019,501.9,3788301.339
3020,502.0,3789000.0
3021,502.1,3776000.0
3022,502.2,3750035.384
3023,502.3,3712000.0
3024,502.4,3663000.0
3025,502.5,3605122.11
3026,502.6,3540000.0
3027,502.7,3469000.0
3028,502.8,3393482.319
3029,502.9,3316000.0
3030,503.0,3239000.0
3031,503.1,3163353.838
3032,503.2,3090000.0
3033,503.3,3020000.0
3034,503.4,2954127.165
3035,503.5,2892000.0
3036,503.6,2833000.0
3037,503.7,2776492.219
3038,503.8,2721000.0
3039,503.9,2665000.0
3040,504.0,2607502.23
3041,504.1,2547000.0
3042,504.2,2482000.0
3043,504.3,2411667.35
3044,504.4,2335000.0
3045,504.5,2251000.0
3046,504.6,2159216.688
3047,504.7,2060000.0
3048,504.8,1954000.0
3049,504.9,1842316.32
3050,505.0,1726000.0
3051,505.1,1606121.417
3052,505.2,1484000.0
3053,505.3,1361000.0
3054,505.4,1238600.305
3055,505.5,1119000.0
3056,505.6,1004000.0
3057,505.7,893533.31
3058,505.8,788800.0
3059,505.9,691200.0
3060,506.0,601115.996
3061,506.1,518800.0
3062,506.2,444500.0
3063,506.3,378239.633
3064,506.4,319700.0
3065,506.5,268500.0
3066,506.6,224273.309
3067,506.7,186500.0
3068,506.8,154600.0
3069,506.9,127934.163
3070,507.0,105900.0
3071,507.1,87920.0
3072,507.2,73464.969
3073,507.3,62030.0
3074,507.4,53130.0
3075,507.5,46357.852
3076,507.6,41370.0
3077,507.7,37850.0
3078,507.8,35551.745
3079,507.9,34280.0
3080,508.0,33860.0
3081,508.1,34170.443
3082,508.2,35130.0
3083,508.3,36670.0
3084,508.4,38752.617
3085,508.5,41380.0
3086,508.6,44560.0
3087,508.7,48298.875
3088,508.8,52640.0
3089,508.9,57630.0
3090,509.0,63296.196
3091,509.1,69690.0
3092,509.2,76860.0
3093,509.3,84823.418
3094,509.4,93630.0
3095,509.5,103300.0
3096,509.6,113739.287
3097,509.7,125000.0
3098,509.8,137100.0
3099,509.9,149794.28
3100,510.0,163000.0
3101,510.1,176662.903
3102,510.2,190600.0
3103,510.3,204600.0
3104,510.4,218453.443
3105,510.5,231900.0
3106,510.6,244700.0
3107,510.7,256702.967
3108,510.8,267600.0
3109,510.9,277100.0
3110,511.0,285130.042
3111,511.1,291500.0
3112,511.2,296000.0
3113,511.3,298537.69
3114,511.4,299100.0
3115,511.5,297700.0
3116,511.6,294404.149
3117,511.7,289300.0
3118,511.8,282500.0
3119,511.9,274214.124
3120,512.0,264700.0
3121,512.1,254200.0
3122,512.2,242902.274
3123,512.3,231100.0
3124,512.4,219100.0
3125,512.5,207133.621
3126,512.6,195400.0
3127,512.7,184100.0
3128,512.8,173443.853
3129,512.9,163600.0
3130,513.0,154700.0
3131,513.1,146771.099
3132,513.2,139800.0
3133,513.3,133800.0
3134,513.4,128858.189
3135,513.5,124900.0
3136,513.6,121800.0
3137,513.7,119443.327
3138,513.8,117800.0
3139,513.9,116800.0
3140,514.0,116188.385
3141,514.1,115900.0
3142,514.2,115900.0
3143,514.3,116039.146
3144,514.4,116200.0
3145,514.5,116300.0
3146,514.6,116330.882
3147,514.7,116300.0
3148,514.8,116200.0
3149,514.9,116002.023
3150,515.0,115800.0
3151,515.1,115735.009
3152,515.2,116000.0
3153,515.3,116800.0
3154,515.4,118360.217
3155,515.5,121000.0
3156,515.6,125100.0
3157,515.7,131173.362
3158,515.8,139700.0
3159,515.9,151200.0
3160,516.0,166414.398
3161,516.1,186100.0
3162,516.2,211000.0
3163,516.3,241887.313
3164,516.4,279700.0
3165,516.5,325400.0
3166,516.6,379863.949
3167,516.7,443900.0
3168,516.8,518300.0
3169,516.9,603766.402
3170,517.0,700700.0
3171,517.1,809500.0
3172,517.2,930540.281
3173,517.3,1063000.0
3174,517.4,1206000.0
3175,517.5,1359382.961
3176,517.6,1522000.0
3177,517.7,1692000.0
3178,517.8,1866333.109
3179,517.9,2043000.0
3180,518.0,2220000.0
3181,518.1,2393905.222
3182,518.2,2561000.0
3183,518.3,2718000.0
3184,518.4,2862822.836
3185,518.5,2992000.0
3186,518.6,3102000.0
3187,518.7,3190723.738
3188,518.8,3256000.0
3189,518.9,3296000.0
3190,519.0,3310645.104
3191,519.1,3300000.0
3192,519.2,3264000.0
3193,519.3,3202775.37
3194,519.4,3118000.0
3195,519.5,3012000.0
3196,519.6,2887873.133
3197,519.7,2748000.0
3198,519.8,2595000.0
3199,519.9,2433008.199
3200,520.0,2265000.0
3201,520.1,2093641.161
3202,520.2,1922000.0
3203,520.3,1753000.0
3204,520.4,1588652.2
3205,520.5,1431000.0
3206,520.6,1282000.0
3207,520.7,1142842.934
3208,520.8,1014000.0
3209,520.9,895900.0
3210,521.0,789125.773
3211,521.1,693400.0
3212,521.2,608200.0
3213,521.3,532956.547
3214,521.4,467000.0
3215,521.5,409600.0
3216,521.6,359900.699
3217,521.7,317100.0
3218,521.8,280400.0
3219,521.9,248979.293
3220,522.0,222200.0
3221,522.1,199500.0
3222,522.2,180428.35
3223,522.3,164600.0
3224,522.4,151700.0
3225,522.5,141660.125
3226,522.6,134500.0
3227,522.7,130300.0
3228,522.8,129366.088
3229,522.9,132100.0
3230,523.0,139000.0
3231,523.1,150914.246
3232,523.2,168800.0
3233,523.3,193700.0
3234,523.4,227004.72
3235,523.5,270300.0
3236,523.6,325300.0
3237,523.7,394121.419
3238,523.8,479000.0
3239,523.9,582300.0
3240,524.0,706802.267
3241,524.1,855100.0
3242,524.2,1030000.0
3243,524.3,1235001.223
3244,524.4,1472000.0
3245,524.5,1743000.0
3246,524.6,2051591.69
3247,524.7,2399000.0
3248,524.8,2786000.0
3249,524.9,3213919.971
3250,525.0,3682000.0
3251,525.1,4188608.236
3252,525.2,4731000.0
3253,525.3,5306000.0
3254,525.4,5909381.736
3255,525.5,6535000.0
3256,525.6,7176000.0
3257,525.7,7824183.667
3258,525.8,8470000.0
3259,525.9,9104000.0
3260,526.0,9717590.099
3261,526.1,10300000.0
3262,526.2,10840000.0
3263,526.3,11326962.875
3264,526.4,11750000.0
3265,526.5,12100000.0
3266,526.6,12374584.459
3267,526.7,12570000.0
3268,526.8,12680000.0
3269,526.9,12695346.238
3270,527.0,12620000.0
3271,527.1,12460000.0
3272,527.2,12215782.237
3273,527.3,11890000.0
3274,527.4,11490000.0
3275,527.5,11033028.441
3276,527.6,10520000.0
3277,527.7,9953000.0
3278,527.8,9354158.597
3279,527.9,8733000.0
3280,528.0,8096000.0
3281,528.1,7455054.807
3282,528.2,6819000.0
3283,528.3,6196000.0
3284,528.4,5595190.908
3285,528.5,5022000.0
3286,528.6,4481000.0
3287,528.7,3977029.26
3288,528.8,3513000.0
3289,528.9,3091000.0
3290,529.0,2711637.615
3291,529.1,2374000.0
3292,529.2,2077000.0
3293,529.3,1819728.772
3294,529.4,1600000.0
3295,529.5,1415000.0
3296,529.6,1261033.349
3297,529.7,1135000.0
3298,529.8,1034000.0
3299,529.9,954950.634
3300,530.0,894300.0
3301,530.1,848566.316
3302,530.2,815000.0
3303,530.3,791000.0
3304,530.4,773951.195
3305,530.5,761700.0
3306,530.6,752300.0
3307,530.7,744177.201
3308,530.8,736000.0
3309,530.9,726600.0
3310,531.0,715307.917
3311,531.1,701600.0
3312,531.2,685100.0
3313,531.3,665945.514
3314,531.4,644200.0
3315,531.5,620000.0
3316,531.6,593935.053
3317,531.7,566500.0
3318,531.8,538200.0
3319,531.9,509747.815
3320,532.0,481700.0
3321,532.1,454600.0
3322,532.2,429106.072
3323,532.3,405700.0
3324,532.4,384800.0
3325,532.5,366758.794
3326,532.6,351800.0
3327,532.7,340100.0
3328,532.8,331742.738
3329,532.9,326700.0
3330,533.0,324900.0
3331,533.1,326178.646
3332,533.2,330300.0
3333,533.3,337000.0
3334,533.4,345963.773
3335,533.5,356900.0
3336,533.6,369500.0
3337,533.7,383372.331
3338,533.8,398200.0
3339,533.9,413700.0
3340,534.0,429607.358
3341,534.1,445600.0
3342,534.2,461400.0
3343,534.3,476904.221
3344,534.4,491800.0
3345,534.5,505800.0
3346,534.6,518920.572
3347,534.7,531000.0
3348,534.8,541800.0
3349,534.9,551089.642
3350,535.0,558800.0
3351,535.1,564870.108
3352,535.2,569100.0
3353,535.3,571300.0
3354,535.4,571433.428
3355,535.5,569400.0
3356,535.6,565100.0
3357,535.7,558523.03
3358,535.8,549600.0
3359,535.9,538300.0
3360,536.0,524786.039
3361,536.1,509100.0
3362,536.2,491300.0
3363,536.3,471660.578
3364,536.4,450400.0
3365,536.5,427700.0
3366,536.6,403752.918
3367,536.7,378900.0
3368,536.8,353500.0
3369,536.9,327822.158
3370,537.0,302100.0
3371,537.1,276600.0
3372,537.2,251690.538
3373,537.3,227600.0
3374,537.4,204500.0
3375,537.5,182518.677
3376,537.6,161800.0
3377,537.7,142500.0
3378,537.8,124748.963
3379,537.9,108500.0
3380,538.0,93700.0
3381,538.1,80414.002
3382,538.2,68590.0
3383,538.3,58140.0
3384,538.4,48984.321
3385,538.5,41030.0
3386,538.6,34180.0
3387,538.7,28334.23
3388,538.8,23380.0
3389,538.9,19210.0
3390,539.0,15744.989
3391,539.1,12890.0
3392,539.2,10550.0
3393,539.3,8653.844
3394,539.4,7136.0
3395,539.5,5933.0
3396,539.6,4991.725
3397,539.7,4268.0
3398,539.8,3721.0
3399,539.9,3317.52
3400,540.0,3030.0
3401,540.1,2833.302
3402,540.2,2708.0
3403,540.3,2637.0
3404,540.4,2607.09
3405,540.5,2607.0
3406,540.6,2626.0
3407,540.7,2655.223
3408,540.8,2689.0
3409,540.9,2722.0
3410,541.0,2748.245
3411,541.1,2765.0
3412,541.2,2770.0
3413,541.3,2759.942
3414,541.4,2734.0
3415,541.5,2692.0
3416,541.6,2633.609
3417,541.7,2559.0
3418,541.8,2469.0
3419,541.9,2366.13
3420,542.0,2252.0
3421,542.1,2128.0
3422,542.2,1996.154
3423,542.3,1859.0
3424,542.4,1719.0
3425,542.5,1578.009
3426,542.6,1438.0
3427,542.7,1301.0
3428,542.8,1168.862
3429,542.9,1043.0
3430,543.0,924.7
3431,543.1,815.094
3432,543.2,715.0
3433,543.3,625.1
3434,543.4,545.88
3435,543.5,478.0
3436,543.6,422.1
3437,543.7,378.644
3438,543.8,348.6
3439,543.9,333.1
3440,544.0,333.508
3441,544.1,351.9
3442,544.2,390.7
3443,544.3,453.207
3444,544.4,543.6
3445,544.5,666.6
3446,544.6,828.446
3447,544.7,1036.0
3448,544.8,1297.0
3449,544.9,1622.163
3450,545.0,2022.0
3451,545.1,2507.428
3452,545.2,3092.0
3453,545.3,3790.0
3454,545.4,4616.164
3455,545.5,5586.0
3456,545.6,6715.0
3457,545.7,8018.242
3458,545.8,9512.0
3459,545.9,11210.0
3460,546.0,13117.593
3461,546.1,15250.0
3462,546.2,17620.0
3463,546.3,20220.574
3464,546.4,23050.0
3465,546.5,26110.0
3466,546.6,29400.054
3467,546.7,32900.0
3468,546.8,36590.0
3469,546.9,40466.516
3470,547.0,44510.0
3471,547.1,48700.0
3472,547.2,53033.438
3473,547.3,57510.0
3474,547.4,62130.0
3475,547.5,66906.769
3476,547.6,71890.0
3477,547.7,77140.0
3478,547.8,82736.483
3479,547.9,88810.0
3480,548.0,95500.0
3481,548.1,102966.225
3482,548.2,111500.0
3483,548.3,121400.0
3484,548.4,132903.75
3485,548.5,146400.0
3486,548.6,162300.0
3487,548.7,180966.904
3488,548.8,202900.0
3489,548.9,228600.0
3490,549.0,258445.757
3491,549.1,292900.0
3492,549.2,332400.0
3493,549.3,377192.334
3494,549.4,427600.0
3495,549.5,483900.0
3496,549.6,546047.92
3497,549.7,613900.0
3498,549.8,687300.0
3499,549.9,765925.427
3500,550.0,848900.0
3501,550.1,935355.21
3502,550.2,1025000.0
3503,550.3,1117000.0
3504,550.4,1208515.427
3505,550.5,1299000.0
3506,550.6,1388000.0
3507,550.7,1472871.407
3508,550.8,1552000.0
3509,550.9,1624000.0
3510,551.0,1687116.38
3511,551.1,1741000.0
3512,551.2,1785000.0
3513,551.3,1816432.484
3514,551.4,1835000.0
3515,551.5,1841000.0
3516,551.6,1834087.121
3517,551.7,1814000.0
3518,551.8,1781000.0
3519,551.9,1736792.89
3520,552.0,1682000.0
3521,552.1,1617000.0
3522,552.2,1542952.667
3523,552.3,1462000.0
3524,552.4,1376000.0
3525,552.5,1285348.453
3526,552.6,1192000.0
3527,552.7,1098000.0
3528,552.8,1003985.853
3529,552.9,911300.0
3530,553.0,821400.0
3531,553.1,735107.275
3532,553.2,653200.0
3533,553.3,576400.0
3534,553.4,505064.407
3535,553.5,439400.0
3536,553.6,379600.0
3537,553.7,325803.54
3538,553.8,277900.0
3539,553.9,235700.0
3540,554.0,198940.461
3541,554.1,167300.0
3542,554.2,140500.0
3543,554.3,118411.108
3544,554.4,100700.0
3545,554.5,87050.0
3546,554.6,77446.713
3547,554.7,71870.0
3548,554.8,70320.0
3549,554.9,72996.694
3550,555.0,80270.0
3551,555.1,92602.568
3552,555.2,110700.0
3553,555.3,135400.0
3554,555.4,167854.263
3555,555.5,209400.0
3556,555.6,261500.0
3557,555.7,326047.253
3558,555.8,405200.0
3559,555.9,501200.0
3560,556.0,616565.653
3561,556.1,754300.0
3562,556.2,917400.0
3563,556.3,1108682.866
3564,556.4,1332000.0
3565,556.5,1591000.0
3566,556.6,1887831.269
3567,556.7,2226000.0
3568,556.8,2609000.0
3569,556.9,3038626.809
3570,557.0,3517000.0
3571,557.1,4046000.0
3572,557.2,4625759.268
3573,557.3,5256000.0
3574,557.4,5936000.0
3575,557.5,6663016.846
3576,557.6,7433000.0
3577,557.7,8242000.0
3578,557.8,9085376.846
3579,557.9,9951000.0
3580,558.0,10830000.0
3581,558.1,11726699.273
3582,558.2,12620000.0
3583,558.3,13490000.0
3584,558.4,14343336.888
3585,558.5,15160000.0
3586,558.6,15920000.0
3587,558.7,16630022.5
3588,558.8,17270000.0
3589,558.9,17820000.0
3590,559.0,18288261.861
3591,559.1,18660000.0
3592,559.2,18920000.0
3593,559.3,19078036.354
3594,559.4,19130000.0
3595,559.5,19070000.0
3596,559.6,18903801.633
3597,559.7,18630000.0
3598,559.8,18250000.0
3599,559.9,17782138.951
3600,560.0,17230000.0
3601,560.1,16594982.036
3602,560.2,15890000.0
3603,560.3,15130000.0
3604,560.4,14326497.109
3605,560.5,13490000.0
3606,560.6,12630000.0
3607,560.7,11754473.151
3608,560.8,10880000.0
3609,560.9,10020000.0
3610,561.0,9170586.729
3611,561.1,8342000.0
3612,561.2,7547000.0
3613,561.3,6789246.147
3614,561.4,6072000.0
3615,561.5,5399000.0
3616,561.6,4773353.548
3617,561.7,4196000.0
3618,561.8,3667000.0
3619,561.9,3185358.844
3620,562.0,2751000.0
3621,562.1,2363000.0
3622,562.2,2016833.54
3623,562.3,1711000.0
3624,562.4,1444000.0
3625,562.5,1210936.027
3626,562.6,1009000.0
3627,562.7,835900.0
3628,562.8,688399.874
3629,562.9,563500.0
3630,563.0,458400.0
3631,563.1,370624.522
3632,563.2,297900.0
3633,563.3,238000.0
3634,563.4,188880.219
3635,563.5,149000.0
3636,563.6,116900.0
3637,563.7,91082.622
3638,563.8,70510.0
3639,563.9,54270.0
3640,564.0,41502.925
3641,564.1,31550.0
3642,564.2,23830.0
3643,564.3,17887.713
3644,564.4,13360.0
3645,564.5,9919.0
3646,564.6,7323.003
3647,564.7,5388.0
3648,564.8,3950.0
3649,564.9,2891.205
3650,565.0,2123.0
3651,565.1,1567.882
3652,565.2,1174.0
3653,565.3,898.5
3654,565.4,710.459
3655,565.5,587.9
3656,565.6,511.9
3657,565.7,469.994
3658,565.8,453.6
3659,565.9,455.3
3660,566.0,470.168
3661,566.1,494.9
3662,566.2,526.7
3663,566.3,563.782
3664,566.4,604.8
3665,566.5,648.6
3666,566.6,694.56
3667,566.7,742.1
3668,566.8,790.7
3669,566.9,840.131
3670,567.0,890.0
3671,567.1,940.0
3672,567.2,990.204
3673,567.3,1040.0
3674,567.4,1089.0
3675,567.5,1137.996
3676,567.6,1186.0
3677,567.7,1232.0
3678,567.8,1276.733
3679,567.9,1320.0
3680,568.0,1361.0
3681,568.1,1398.369
3682,568.2,1432.0
3683,568.3,1462.0
3684,568.4,1487.742
3685,568.5,1508.0
3686,568.6,1522.0
3687,568.7,1530.634
3688,568.8,1533.0
3689,568.9,1528.0
3690,569.0,1515.967
3691,569.1,1497.0
3692,569.2,1471.0
3693,569.3,1437.85
3694,569.4,1398.0
3695,569.5,1352.0
3696,569.6,1300.215
3697,569.7,1243.0
3698,569.8,1181.0
3699,569.9,1115.725
3700,570.0,1048.0
3701,570.1,978.453
3702,570.2,907.9
3703,570.3,837.2
3704,570.4,767.166
3705,570.5,698.5
3706,570.6,631.9
3707,570.7,568.078
3708,570.8,507.4
3709,570.9,450.2
3710,571.0,396.939
3711,571.1,347.7
3712,571.2,302.5
3713,571.3,261.482
3714,571.4,224.6
3715,571.5,191.7
3716,571.6,162.484
3717,571.7,136.8
3718,571.8,114.5
3719,571.9,95.277
3720,572.0,78.85
3721,572.1,64.96
3722,572.2,53.371
3723,572.3,43.88
3724,572.4,36.3
3725,572.5,30.493
3726,572.6,26.4
3727,572.7,24.0
3728,572.8,23.374
3729,572.9,24.76
3730,573.0,28.46
3731,573.1,34.978
3732,573.2,45.14
3733,573.3,59.9
3734,573.4,80.59
3735,573.5,109.2
3736,573.6,148.0
3737,573.7,200.015
3738,573.8,269.4
3739,573.9,360.8
3740,574.0,480.267
3741,574.1,635.9
3742,574.2,836.7
3743,574.3,1094.039
3744,574.4,1422.0
3745,574.5,1836.0
3746,574.6,2355.426
3747,574.7,3004.0
3748,574.8,3807.0
3749,574.9,4793.657
3750,575.0,5999.0
3751,575.1,7460.343
3752,575.2,9219.0
3753,575.3,11320.0
3754,575.4,13817.315
3755,575.5,16760.0
3756,575.6,20200.0
3757,575.7,24203.293
3758,575.8,28820.0
3759,575.9,34100.0
3760,576.0,40108.731
3761,576.1,46900.0
3762,576.2,54520.0
3763,576.3,63000.792
3764,576.4,72370.0
3765,576.5,82650.0
3766,576.6,93849.798
3767,576.7,106000.0
3768,576.8,119100.0
3769,576.9,133034.822
3770,577.0,147800.0
3771,577.1,163400.0
3772,577.2,179746.192
3773,577.3,196800.0
3774,577.4,214500.0
3775,577.5,232656.148
3776,577.6,251200.0
3777,577.7,270100.0
3778,577.8,289299.105
3779,577.9,308700.0
3780,578.0,328200.0
3781,578.1,347704.985
3782,578.2,367100.0
3783,578.3,386300.0
3784,578.4,405328.163
3785,578.5,424100.0
3786,578.6,442500.0
3787,578.7,460431.543
3788,578.8,477800.0
3789,578.9,494500.0
3790,579.0,510398.251
3791,579.1,525400.0
3792,579.2,539400.0
3793,579.3,552216.344
3794,579.4,563700.0
3795,579.5,573700.0
3796,579.6,582030.081
3797,579.7,588600.0
3798,579.8,593300.0
3799,579.9,595887.405
3800,580.0,596300.0
3801,580.1,594535.076
3802,580.2,590600.0
3803,580.3,584500.0
3804,580.4,576253.3
3805,580.5,566000.0
3806,580.6,553900.0
3807,580.7,540116.077
3808,580.8,525000.0
3809,580.9,508900.0
3810,581.0,492008.388
3811,581.1,474700.0
3812,581.2,457400.0
3813,581.3,440513.94
3814,581.4,424500.0
3815,581.5,409800.0
3816,581.6,396757.687
3817,581.7,385800.0
3818,581.8,377400.0
3819,581.9,372067.714
3820,582.0,370200.0
3821,582.1,372200.0
3822,582.2,378604.378
3823,582.3,389900.0
3824,582.4,406600.0
3825,582.5,429375.14
3826,582.6,458800.0
3827,582.7,495500.0
3828,582.8,540372.797
3829,582.9,594100.0
3830,583.0,657400.0
3831,583.1,731328.213
3832,583.2,816600.0
3833,583.3,914000.0
3834,583.4,1024739.511
3835,583.5,1149000.0
3836,583.6,1287000.0
3837,583.7,1439959.213
3838,583.8,1608000.0
3839,583.9,1791000.0
3840,584.0,1988878.287
3841,584.1,2200000.0
3842,584.2,2423000.0
3843,584.3,2658279.243
3844,584.4,2903000.0
3845,584.5,3154000.0
3846,584.6,3410074.975
3847,584.7,3668000.0
3848,584.8,3924000.0
3849,584.9,4174632.873
3850,585.0,4416000.0
3851,585.1,4644212.977
3852,585.2,4856000.0
3853,585.3,5048000.0
3854,585.4,5216121.173
3855,585.5,5357000.0
3856,585.6,5468000.0
3857,585.7,5548040.204
3858,585.8,5595000.0
3859,585.9,5607000.0
3860,586.0,5584501.991
3861,586.1,5528000.0
3862,586.2,5438000.0
3863,586.3,5315865.656
3864,586.4,5164000.0
3865,586.5,4985000.0
3866,586.6,4781665.675
3867,586.7,4558000.0
3868,586.8,4318000.0
3869,586.9,4064702.301
3870,587.0,3802000.0
3871,587.1,3534000.0
3872,587.2,3264344.988
3873,587.3,2996000.0
3874,587.4,2732000.0
3875,587.5,2475895.014
3876,587.6,2230000.0
3877,587.7,1996000.0
3878,587.8,1774777.727
3879,587.9,1568000.0
3880,588.0,1377000.0
3881,588.1,1201159.759
3882,588.2,1041000.0
3883,588.3,897000.0
3884,588.4,767973.541
3885,588.5,653200.0
3886,588.6,552100.0
3887,588.7,463717.621
3888,588.8,387000.0
3889,588.9,320900.0
3890,589.0,264399.585
3891,589.1,216500.0
3892,589.2,176200.0
3893,589.3,142500.945
3894,589.4,114500.0
3895,589.5,91370.0
3896,589.6,72468.808
3897,589.7,57140.0
3898,589.8,44750.0
3899,589.9,34824.334
3900,590.0,26940.0
3901,590.1,20701.391
3902,590.2,15810.0
3903,590.3,12000.0
3904,590.4,9049.468
3905,590.5,6786.0
3906,590.6,5056.0
3907,590.7,3744.109
3908,590.8,2760.0
3909,590.9,2023.0
3910,591.0,1476.474
3911,591.1,1077.0
3912,591.2,785.7
3913,591.3,575.472
3914,591.4,427.0
3915,591.5,323.4
3916,591.6,252.97
3917,591.7,207.6
3918,591.8,180.3
3919,591.9,166.36
3920,592.0,162.6
3921,592.1,166.3
3922,592.2,175.647
3923,592.3,189.4
3924,592.4,206.5
3925,592.5,226.244
3926,592.6,248.0
3927,592.7,271.2
3928,592.8,295.517
3929,592.9,320.5
3930,593.0,345.7
3931,593.1,370.827
3932,593.2,395.5
3933,593.3,419.3
3934,593.4,441.818
3935,593.5,462.7
3936,593.6,481.6
3937,593.7,498.183
3938,593.8,512.2
3939,593.9,523.4
3940,594.0,531.488
3941,594.1,536.4
3942,594.2,538.1
3943,594.3,536.464
3944,594.4,531.5
3945,594.5,523.3
3946,594.6,512.1
3947,594.7,498.1
3948,594.8,481.5
3949,594.9,462.593
3950,595.0,441.7
3951,595.1,419.152
3952,595.2,395.3
3953,595.3,370.5
3954,595.4,345.111
3955,595.5,319.5
3956,595.6,294.0
3957,595.7,268.828
3958,595.8,244.3
3959,595.9,220.7
3960,596.0,198.097
3961,596.1,176.7
3962,596.2,156.7
3963,596.3,138.063
3964,596.4,120.9
3965,596.5,105.3
3966,596.6,91.1
3967,596.7,78.29
3968,596.8,66.89
3969,596.9,56.804
3970,597.0,47.94
3971,597.1,40.21
3972,597.2,33.518
3973,597.3,27.77
3974,597.4,22.87
3975,597.5,18.716
3976,597.6,15.22
3977,597.7,12.3
3978,597.8,9.881
3979,597.9,7.891
3980,598.0,6.261
3981,598.1,4.937
3982,598.2,3.87
3983,598.3,3.015
3984,598.4,2.334
3985,598.5,1.796
3986,598.6,1.374
3987,598.7,1.045
3988,598.8,0.79
3989,598.9,0.595
3990,599.0,0.446
3991,599.1,0.334
3992,599.2,0.251
3993,599.3,0.191
3994,599.4,0.149
3995,599.5,0.122
3996,599.6,0.107
3997,599.7,0.104
3998,599.8,0.112
3999,599.9,0.132
4000,600.0,0.166
4001,600.1,0.215
4002,600.2,0.284
4003,600.3,0.379
4004,600.4,0.504
4005,600.5,0.671
4006,600.6,0.888
4007,600.7,1.17
4008,600.8,1.533
4009,600.9,1.997
4010,601.0,2.586
4011,601.1,3.331
4012,601.2,4.264
4013,601.3,5.426
4014,601.4,6.867
4015,601.5,8.639
4016,601.6,10.8
4017,601.7,13.43
4018,601.8,16.61
4019,601.9,20.416
4020,602.0,24.95
4021,602.1,30.32
4022,602.2,36.643
4023,602.3,44.04
4024,602.4,52.64
4025,602.5,62.588
4026,602.6,74.03
4027,602.7,87.12
4028,602.8,102.03
4029,602.9,118.9
4030,603.0,137.9
4031,603.1,159.334
4032,603.2,183.4
4033,603.3,210.3
4034,603.4,240.406
4035,603.5,274.1
4036,603.6,311.8
4037,603.7,354.131
4038,603.8,401.9
4039,603.9,456.0
4040,604.0,517.606
4041,604.1,588.3
4042,604.2,669.9
4043,604.3,764.882
4044,604.4,876.1
4045,604.5,1007.0
4046,604.6,1162.951
4047,604.7,1349.0
4048,604.8,1571.0
4049,604.9,1838.559
4050,605.0,2161.0
4051,605.1,2548.631
4052,605.2,3017.0
4053,605.3,3583.0
4054,605.4,4265.029
4055,605.5,5087.0
4056,605.6,6076.0
4057,605.7,7266.32
4058,605.8,8694.0
4059,605.9,10400.0
4060,606.0,12444.431
4061,606.1,14890.0
4062,606.2,17800.0
4063,606.3,21249.118
4064,606.4,25340.0
4065,606.5,30180.0
4066,606.6,35878.142
4067,606.7,42580.0
4068,606.8,50440.0
4069,606.9,59617.083
4070,607.0,70300.0
4071,607.1,82690.0
4072,607.2,97010.398
4073,607.3,113500.0
4074,607.4,132400.0
4075,607.5,153964.079
4076,607.6,178500.0
4077,607.7,206300.0
4078,607.8,237569.078
4079,607.9,272600.0
4080,608.0,311700.0
4081,608.1,355106.637
4082,608.2,403000.0
4083,608.3,455600.0
4084,608.4,513246.288
4085,608.5,576000.0
4086,608.6,643900.0
4087,608.7,717160.822
4088,608.8,795800.0
4089,608.9,879800.0
4090,609.0,969221.452
4091,609.1,1064000.0
4092,609.2,1164000.0
4093,609.3,1269009.19
4094,609.4,1379000.0
4095,609.5,1494000.0
4096,609.6,1613895.995
4097,609.7,1738000.0
4098,609.8,1866000.0
4099,609.9,1999003.728
4100,610.0,2136000.0
4101,610.1,2275782.104
4102,610.2,2419000.0
4103,610.3,2566000.0
4104,610.4,2714722.321
4105,610.5,2865000.0
4106,610.6,3017000.0
4107,610.7,3169663.871
4108,610.8,3322000.0
4109,610.9,3473000.0
4110,611.0,3621317.685
4111,611.1,3766000.0
4112,611.2,3906000.0
4113,611.3,4039510.247
4114,611.4,4165000.0
4115,611.5,4281000.0
4116,611.6,4385841.146
4117,611.7,4478000.0
4118,611.8,4556000.0
4119,611.9,4618527.523
4120,612.0,4665000.0
4121,612.1,4695000.0
4122,612.2,4707960.455
4123,612.3,4703000.0
4124,612.4,4680000.0
4125,612.5,4641484.537
4126,612.6,4588000.0
4127,612.7,4520000.0
4128,612.8,4440299.861
4129,612.9,4352000.0
4130,613.0,4258000.0
4131,613.1,4160913.307
4132,613.2,4064000.0
4133,613.3,3971000.0
4134,613.4,3886606.403
4135,613.5,3815000.0
4136,613.6,3760000.0
4137,613.7,3724985.937
4138,613.8,3714000.0
4139,613.9,3731000.0
4140,614.0,3778800.621
4141,614.1,3860000.0
4142,614.2,3977000.0
4143,614.3,4131173.683
4144,614.4,4323000.0
4145,614.5,4553000.0
4146,614.6,4821766.46
4147,614.7,5127000.0
4148,614.8,5466000.0
4149,614.9,5836956.443
4150,615.0,6236000.0
4151,615.1,6658473.189
4152,615.2,7099000.0
4153,615.3,7552000.0
4154,615.4,8011584.039
4155,615.5,8471000.0
4156,615.6,8923000.0
4157,615.7,9360079.417
4158,615.8,9778000.0
4159,615.9,10170000.0
4160,616.0,10520521.931
4161,616.1,10830000.0
4162,616.2,11100000.0
4163,616.3,11319135.509
4164,616.4,11480000.0
4165,616.5,11580000.0
4166,616.6,11624828.466
4167,616.7,11610000.0
4168,616.8,11530000.0
4169,616.9,11388205.709
4170,617.0,11190000.0
4171,617.1,10940000.0
4172,617.2,10639860.02
4173,617.3,10290000.0
4174,617.4,9894000.0
4175,617.5,9465624.607
4176,617.6,9010000.0
4177,617.7,8530000.0
4178,617.8,8031571.391
4179,617.9,7522000.0
4180,618.0,7008000.0
4181,618.1,6493856.949
4182,618.2,5985000.0
4183,618.3,5487000.0
4184,618.4,5003961.317
4185,618.5,4539000.0
4186,618.6,4095000.0
4187,618.7,3674543.457
4188,618.8,3280000.0
4189,618.9,2913000.0
4190,619.0,2572837.264
4191,619.1,2260000.0
4192,619.2,1975000.0
4193,619.3,1716684.134
4194,619.4,1484000.0
4195,619.5,1276000.0
4196,619.6,1091479.308
4197,619.7,928700.0
4198,619.8,785900.0
4199,619.9,661620.144
4200,620.0,554100.0
4201,620.1,461541.732
4202,620.2,382400.0
4203,620.3,315200.0
4204,620.4,258502.574
4205,620.5,210900.0
4206,620.6,171100.0
4207,620.7,138185.672
4208,620.8,111100.0
4209,620.9,88820.0
4210,621.0,70685.342
4211,621.1,56040.0
4212,621.2,44240.0
4213,621.3,34793.377
4214,621.4,27290.0
4215,621.5,21350.0
4216,621.6,16677.001
4217,621.7,13030.0
4218,621.8,10190.0
4219,621.9,7994.144
4220,622.0,6312.0
4221,622.1,5025.0
4222,622.2,4045.852
4223,622.3,3308.0
4224,622.4,2752.0
4225,622.5,2334.936
4226,622.6,2025.0
4227,622.7,1794.0
4228,622.8,1621.786
4229,622.9,1494.0
4230,623.0,1398.0
4231,623.1,1324.743
4232,623.2,1269.0
4233,623.3,1226.0
4234,623.4,1190.613
4235,623.5,1161.0
4236,623.6,1136.0
4237,623.7,1113.876
4238,623.8,1094.0
4239,623.9,1076.0
4240,624.0,1059.344
4241,624.1,1044.0
4242,624.2,1030.0
4243,624.3,1017.086
4244,624.4,1005.0
4245,624.5,993.7
4246,624.6,983.706
4247,624.7,974.8
4248,624.8,966.6
4249,624.9,958.965
4250,625.0,951.7
4251,625.1,944.568
4252,625.2,937.3
4253,625.3,929.6
4254,625.4,921.106
4255,625.5,911.5
4256,625.6,900.5
4257,625.7,887.898
4258,625.8,873.5
4259,625.9,857.1
4260,626.0,838.496
4261,626.1,817.6
4262,626.2,794.4
4263,626.3,769.037
4264,626.4,741.6
4265,626.5,712.2
4266,626.6,681.108
4267,626.7,648.5
4268,626.8,614.6
4269,626.9,579.884
4270,627.0,544.6
4271,627.1,509.0
4272,627.2,473.58
4273,627.3,438.6
4274,627.4,404.3
4275,627.5,371.092
4276,627.6,339.2
4277,627.7,308.8
4278,627.8,280.111
4279,627.9,253.3
4280,628.0,228.5
4281,628.1,205.781
4282,628.2,185.2
4283,628.3,166.8
4284,628.4,150.549
4285,628.5,136.4
4286,628.6,124.3
4287,628.7,114.169
4288,628.8,105.9
4289,628.9,99.37
4290,629.0,94.43
4291,629.1,90.95
4292,629.2,88.8
4293,629.3,87.82
4294,629.4,87.86
4295,629.5,88.77
4296,629.6,90.393
4297,629.7,92.59
4298,629.8,95.22
4299,629.9,98.122
4300,630.0,101.2
4301,630.1,104.354
4302,630.2,107.4
4303,630.3,110.2
4304,630.4,112.816
4305,630.5,115.1
4306,630.6,116.9
4307,630.7,118.277
4308,630.8,119.2
4309,630.9,119.6
4310,631.0,119.448
4311,631.1,118.8
4312,631.2,117.7
4313,631.3,116.115
4314,631.4,114.2
4315,631.5,112.1
4316,631.6,109.761
4317,631.7,107.3
4318,631.8,104.9
4319,631.9,102.754
4320,632.0,101.0
4321,632.1,99.77
4322,632.2,99.24
4323,632.3,99.64
4324,632.4,101.2
4325,632.5,104.119
4326,632.6,108.6
4327,632.7,114.9
4328,632.8,123.405
4329,632.9,134.3
4330,633.0,147.8
4331,633.1,164.411
4332,633.2,184.4
4333,633.3,208.0
4334,633.4,235.615
4335,633.5,267.6
4336,633.6,304.3
4337,633.7,346.116
4338,633.8,393.4
4339,633.9,446.5
4340,634.0,505.814
4341,634.1,571.7
4342,634.2,644.5
4343,634.3,724.531
4344,634.4,812.0
4345,634.5,907.2
4346,634.6,1010.642
4347,634.7,1122.0
4348,634.8,1241.0
4349,634.9,1368.309
4350,635.0,1504.0
4351,635.1,1647.807
4352,635.2,1799.0
4353,635.3,1957.0
4354,635.4,2121.966
4355,635.5,2293.0
4356,635.6,2469.0
4357,635.7,2649.17
4358,635.8,2832.0
4359,635.9,3016.0
4360,636.0,3200.412
4361,636.1,3384.0
4362,636.2,3565.0
4363,636.3,3740.587
4364,636.4,3909.0
4365,636.5,4069.0
4366,636.6,4219.557
4367,636.7,4358.0
4368,636.8,4482.0
4369,636.9,4591.923
4370,637.0,4687.0
4371,637.1,4766.0
4372,637.2,4828.243
4373,637.3,4875.0
4374,637.4,4908.0
4375,637.5,4929.587
4376,637.6,4945.0
4377,637.7,4960.0
4378,637.8,4981.107
4379,637.9,5021.0
4380,638.0,5094.0
4381,638.1,5216.939
4382,638.2,5416.0
4383,638.3,5721.0
4384,638.4,6170.329
4385,638.5,6817.0
4386,638.6,7721.0
4387,638.7,8961.542
4388,638.8,10640.0
4389,638.9,12870.0
4390,639.0,15803.321
4391,639.1,19630.0
4392,639.2,24560.0
4393,639.3,30865.055
4394,639.4,38880.0
4395,639.5,48970.0
4396,639.6,61590.025
4397,639.7,77290.0
4398,639.8,96670.0
4399,639.9,120466.584
4400,640.0,149500.0
4401,640.1,184652.316
4402,640.2,227000.0
4403,640.3,277700.0
4404,640.4,338070.949
4405,640.5,409600.0
4406,640.6,493800.0
4407,640.7,592197.397
4408,640.8,706500.0
4409,640.9,838600.0
4410,641.0,990676.199
4411,641.1,1164000.0
4412,641.2,1360000.0
4413,641.3,1581421.186
4414,641.4,1830000.0
4415,641.5,2107000.0
4416,641.6,2413302.187
4417,641.7,2750000.0
4418,641.8,3118000.0
4419,641.9,3517262.706
4420,642.0,3948000.0
4421,642.1,4410000.0
4422,642.2,4901144.762
4423,642.3,5420000.0
4424,642.4,5965000.0
4425,642.5,6532856.113
4426,642.6,7120000.0
4427,642.7,7723000.0
4428,642.8,8338249.996
4429,642.9,8960000.0
4430,643.0,9583000.0
4431,643.1,10205018.822
4432,643.2,10820000.0
4433,643.3,11420000.0
4434,643.4,11996666.748
4435,643.5,12550000.0
4436,643.6,13080000.0
4437,643.7,13578690.77
4438,643.8,14040000.0
4439,643.9,14460000.0
4440,644.0,14839290.185
4441,644.1,15180000.0
4442,644.2,15480000.0
4443,644.3,15726557.102
4444,644.4,15930000.0
4445,644.5,16100000.0
4446,644.6,16222344.901
4447,644.7,16300000.0
4448,644.8,16340000.0
4449,644.9,16342288.866
4450,645.0,16310000.0
4451,645.1,16247650.585
4452,645.2,16160000.0
4453,645.3,16050000.0
4454,645.4,15914004.675
4455,645.5,15750000.0
4456,645.6,15560000.0
4457,645.7,15355671.871
4458,645.8,15140000.0
4459,645.9,14910000.0
4460,646.0,14656409.325
4461,646.1,14390000.0
4462,646.2,14120000.0
4463,646.3,13832422.661
4464,646.4,13530000.0
4465,646.5,13220000.0
4466,646.6,12903641.924
4467,646.7,12580000.0
4468,646.8,12250000.0
4469,646.9,11920277.156
4470,647.0,11590000.0
4471,647.1,11260000.0
4472,647.2,10941904.0
4473,647.3,10630000.0
4474,647.4,10320000.0
4475,647.5,10028734.841
4476,647.6,9756000.0
4477,647.7,9498000.0
4478,647.8,9259111.034
4479,647.9,9041000.0
4480,648.0,8844000.0
4481,648.1,8668236.178
4482,648.2,8514000.0
4483,648.3,8381000.0
4484,648.4,8266799.728
4485,648.5,8170000.0
4486,648.6,8089000.0
4487,648.7,8020159.61
4488,648.8,7961000.0
4489,648.9,7909000.0
4490,649.0,7859924.22
4491,649.1,7810000.0
4492,649.2,7756000.0
4493,649.3,7695540.801
4494,649.4,7625000.0
4495,649.5,7541000.0
4496,649.6,7442333.19
4497,649.7,7327000.0
4498,649.8,7193000.0
4499,649.9,7039748.639
4500,650.0,6867000.0
4501,650.1,6674627.718
4502,650.2,6463000.0
4503,650.3,6233000.0
4504,650.4,5986942.596
4505,650.5,5727000.0
4506,650.6,5455000.0
4507,650.7,5172357.517
4508,650.8,4882000.0
4509,650.9,4587000.0
4510,651.0,4289598.92
4511,651.1,3993000.0
4512,651.2,3700000.0
4513,651.3,3411300.749
4514,651.4,3130000.0
4515,651.5,2859000.0
4516,651.6,2598062.688
4517,651.7,2349000.0
4518,651.8,2114000.0
4519,651.9,1893670.916
4520,652.0,1688000.0
4521,652.1,1497000.0
4522,652.2,1320961.503
4523,652.3,1160000.0
4524,652.4,1014000.0
4525,652.5,882219.873
4526,652.6,763900.0
4527,652.7,658300.0
4528,652.8,564621.532
4529,652.9,482100.0
4530,653.0,409900.0
4531,653.1,346938.869
4532,653.2,292400.0
4533,653.3,245500.0
4534,653.4,205305.945
4535,653.5,171100.0
4536,653.6,142200.0
4537,653.7,117847.024
4538,653.8,97450.0
4539,653.9,80470.0
4540,654.0,66397.927
4541,654.1,54810.0
4542,654.2,45310.0
4543,654.3,37545.85
4544,654.4,31240.0
4545,654.5,26140.0
4546,654.6,22033.999
4547,654.7,18750.0
4548,654.8,16130.0
4549,654.9,14046.129
4550,655.0,12400.0
4551,655.1,11105.224
4552,655.2,10100.0
4553,655.3,9329.0
4554,655.4,8742.339
4555,655.5,8307.0
4556,655.6,7995.0
4557,655.7,7783.286
4558,655.8,7655.0
4559,655.9,7595.0
4560,656.0,7590.475
4561,656.1,7632.0
4562,656.2,7711.0
4563,656.3,7819.701
4564,656.4,7952.0
4565,656.5,8102.0
4566,656.6,8263.387
4567,656.7,8431.0
4568,656.8,8600.0
4569,656.9,8765.675
4570,657.0,8924.0
4571,657.1,9071.0
4572,657.2,9202.574
4573,657.3,9316.0
4574,657.4,9409.0
4575,657.5,9479.601
4576,657.6,9526.0
4577,657.7,9547.0
4578,657.8,9543.36
4579,657.9,9515.0
4580,658.0,9462.0
4581,658.1,9386.348
4582,658.2,9290.0
4583,658.3,9175.0
4584,658.4,9044.157
4585,658.5,8900.0
4586,658.6,8745.0
4587,658.7,8582.088
4588,658.8,8415.0
4589,658.9,8247.0
4590,659.0,8079.463
4591,659.1,7916.0
4592,659.2,7760.0
4593,659.3,7611.833
4594,659.4,7474.0
4595,659.5,7349.0
4596,659.6,7236.699
4597,659.7,7138.0
4598,659.8,7054.0
4599,659.9,6984.758
4600,660.0,6930.0
4601,660.1,6889.337
4602,660.2,6862.0
4603,660.3,6847.0
4604,660.4,6842.853
4605,660.5,6848.0
4606,660.6,6861.0
4607,660.7,6880.639
4608,660.8,6905.0
4609,660.9,6932.0
4610,661.0,6959.681
4611,661.1,6986.0
4612,661.2,7009.0
4613,661.3,7027.041
4614,661.4,7038.0
4615,661.5,7040.0
4616,661.6,7032.326
4617,661.7,7013.0
4618,661.8,6980.0
4619,661.9,6932.768
4620,662.0,6871.0
4621,662.1,6794.0
4622,662.2,6700.2
4623,662.3,6590.0
4624,662.4,6464.0
4625,662.5,6321.714
4626,662.6,6164.0
4627,662.7,5992.0
4628,662.8,5806.497
4629,662.9,5609.0
4630,663.0,5401.0
4631,663.1,5183.363
4632,663.2,4958.0
4633,663.3,4727.0
4634,663.4,4492.003
4635,663.5,4255.0
4636,663.6,4018.0
4637,663.7,3782.56
4638,663.8,3550.0
4639,663.9,3322.0
4640,664.0,3101.172
4641,664.1,2888.0
4642,664.2,2683.0
4643,664.3,2488.608
4644,664.4,2305.0
4645,664.5,2132.0
4646,664.6,1970.754
4647,664.7,1822.0
4648,664.8,1686.0
4649,664.9,1562.084
4650,665.0,1450.0
4651,665.1,1349.668
4652,665.2,1261.0
4653,665.3,1184.0
4654,665.4,1118.842
4655,665.5,1065.0
4656,665.6,1022.0
4657,665.7,990.333
4658,665.8,970.6
4659,665.9,963.5
4660,666.0,970.339
4661,666.1,992.8
4662,666.2,1033.0
4663,666.3,1094.497
4664,666.4,1181.0
4665,666.5,1297.0
4666,666.6,1450.254
4667,666.7,1649.0
4668,666.8,1902.0
4669,666.9,2221.309
4670,667.0,2623.0
4671,667.1,3124.0
4672,667.2,3743.162
4673,667.3,4507.0
4674,667.4,5444.0
4675,667.5,6585.07
4676,667.6,7970.0
4677,667.7,9641.0
4678,667.8,11644.417
4679,667.9,14040.0
4680,668.0,16890.0
4681,668.1,20256.144
4682,668.2,24210.0
4683,668.3,28830.0
4684,668.4,34208.436
4685,668.5,40430.0
4686,668.6,47580.0
4687,668.7,55757.111
4688,668.8,65060.0
4689,668.9,75580.0
4690,669.0,87391.783
4691,669.1,100600.0
4692,669.2,115300.0
4693,669.3,131520.526
4694,669.4,149300.0
4695,669.5,168700.0
4696,669.6,189798.865
4697,669.7,212500.0
4698,669.8,236700.0
4699,669.9,262424.378
4700,670.0,289600.0
4701,670.1,318097.225
4702,670.2,347700.0
4703,670.3,378200.0
4704,670.4,409461.607
4705,670.5,441200.0
4706,670.6,473100.0
4707,670.7,504882.69
4708,670.8,536200.0
4709,670.9,566700.0
4710,671.0,596082.594
4711,671.1,624000.0
4712,671.2,650100.0
4713,671.3,674060.016
4714,671.4,695500.0
4715,671.5,714100.0
4716,671.6,729772.654
4717,671.7,742200.0
4718,671.8,751100.0
4719,671.9,756553.621
4720,672.0,758400.0
4721,672.1,756500.0
4722,672.2,751070.971
4723,672.3,742100.0
4724,672.4,729600.0
4725,672.5,713946.427
4726,672.6,695300.0
4727,672.7,673800.0
4728,672.8,649811.15
4729,672.9,623700.0
4730,673.0,595800.0
4731,673.1,566388.904
4732,673.2,535800.0
4733,673.3,504400.0
4734,673.4,472591.858
4735,673.5,440700.0
4736,673.6,409000.0
4737,673.7,377697.4
4738,673.8,347100.0
4739,673.9,317500.0
4740,674.0,289017.84
4741,674.1,261800.0
4742,674.2,236000.0
4743,674.3,211716.627
4744,674.4,189000.0
4745,674.5,167900.0
4746,674.6,148477.372
4747,674.7,130700.0
4748,674.8,114500.0
4749,674.9,99785.141
4750,675.0,86520.0
4751,675.1,74671.644
4752,675.2,64150.0
4753,675.3,54850.0
4754,675.4,46667.168
4755,675.5,39510.0
4756,675.6,33290.0
4757,675.7,27916.957
4758,675.8,23300.0
4759,675.9,19350.0
4760,676.0,15988.173
4761,676.1,13150.0
4762,676.2,10770.0
4763,676.3,8773.6
4764,676.4,7111.0
4765,676.5,5738.0
4766,676.6,4607.001
4767,676.7,3681.0
4768,676.8,2927.0
4769,676.9,2316.534
4770,677.0,1825.0
4771,677.1,1430.0
4772,677.2,1115.157
4773,677.3,866.0
4774,677.4,669.0
4775,677.5,514.232
4776,677.6,393.6
4777,677.7,299.7
4778,677.8,227.058
4779,677.9,171.3
4780,678.0,128.5
4781,678.1,95.921
4782,678.2,71.35
4783,678.3,52.78
4784,678.4,38.836
4785,678.5,28.47
4786,678.6,20.75
4787,678.7,15.041
4788,678.8,10.87
4789,678.9,7.815
4790,679.0,5.585
4791,679.1,3.978
4792,679.2,2.817
4793,679.3,1.983
4794,679.4,1.393
4795,679.5,0.973
4796,679.6,0.675
4797,679.7,0.467
4798,679.8,0.322
4799,679.9,0.22
4800,680.0,0.15
4801,680.1,0.102
4802,680.2,0.069
4803,680.3,0.046
4804,680.4,0.031
4805,680.5,0.021
4806,680.6,0.014
4807,680.7,0.009
4808,680.8,0.006
4809,680.9,0.004
4810,681.0,0.002
4811,681.1,0.002
4812,681.2,0.001
4813,681.3,0.001
4814,681.4,0.001
4815,681.5,0.0
4816,681.6,0.0
4817,681.7,0.001
4818,681.8,0.001
4819,681.9,0.001
4820,682.0,0.001
4821,682.1,0.002
4822,682.2,0.003
4823,682.3,0.005
4824,682.4,0.008
4825,682.5,0.011
4826,682.6,0.017
4827,682.7,0.025
4828,682.8,0.037
4829,682.9,0.054
4830,683.0,0.08
4831,683.1,0.116
4832,683.2,0.168
4833,683.3,0.243
4834,683.4,0.349
4835,683.5,0.499
4836,683.6,0.711
4837,683.7,1.006
4838,683.8,1.421
4839,683.9,1.996
4840,684.0,2.788
4841,684.1,3.882
4842,684.2,5.377
4843,684.3,7.411
4844,684.4,10.18
4845,684.5,13.91
4846,684.6,18.912
4847,684.7,25.62
4848,684.8,34.53
4849,684.9,46.316
4850,685.0,61.87
4851,685.1,82.238
4852,685.2,108.9
4853,685.3,143.5
4854,685.4,188.105
4855,685.5,245.6
4856,685.6,319.2
4857,685.7,412.926
4858,685.8,531.9
4859,685.9,681.9
4860,686.0,870.477
4861,686.1,1106.0
4862,686.2,1398.0
4863,686.3,1760.05
4864,686.4,2206.0
4865,686.5,2751.0
4866,686.6,3416.168
4867,686.7,4224.0
4868,686.8,5198.0
4869,686.9,6366.929
4870,687.0,7765.0
4871,687.1,9427.0
4872,687.2,11388.989
4873,687.3,13700.0
4874,687.4,16410.0
4875,687.5,19563.527
4876,687.6,23220.0
4877,687.7,27440.0
4878,687.8,32275.311
4879,687.9,37790.0
4880,688.0,44050.0
4881,688.1,51115.049
4882,688.2,59050.0
4883,688.3,67920.0
4884,688.4,77779.2
4885,688.5,88660.0
4886,688.6,100600.0
4887,688.7,113667.547
4888,688.8,127900.0
4889,688.9,143300.0
4890,689.0,159810.281
4891,689.1,177500.0
4892,689.2,196400.0
4893,689.3,216304.312
4894,689.4,237200.0
4895,689.5,259100.0
4896,689.6,281869.062
4897,689.7,305400.0
4898,689.8,329600.0
4899,689.9,354366.152
4900,690.0,379600.0
4901,690.1,405181.898
4902,690.2,430900.0
4903,690.3,456600.0
4904,690.4,482362.642
4905,690.5,508000.0
4906,690.6,533300.0
4907,690.7,558276.546
4908,690.8,582900.0
4909,690.9,607100.0
4910,691.0,630786.327
4911,691.1,654000.0
4912,691.2,676800.0
4913,691.3,699186.528
4914,691.4,721200.0
4915,691.5,742900.0
4916,691.6,764354.86
4917,691.7,785600.0
4918,691.8,806700.0
4919,691.9,827826.298
4920,692.0,849000.0
4921,692.1,870200.0
4922,692.2,891427.757
4923,692.3,912700.0
4924,692.4,934000.0
4925,692.5,955191.433
4926,692.6,976200.0
4927,692.7,997000.0
4928,692.8,1017501.957
4929,692.9,1037000.0
4930,693.0,1055000.0
4931,693.1,1072138.899
4932,693.2,1088000.0
4933,693.3,1102000.0
4934,693.4,1114150.984
4935,693.5,1124000.0
4936,693.6,1131000.0
4937,693.7,1134951.354
4938,693.8,1136000.0
4939,693.9,1134000.0
4940,694.0,1127845.004
4941,694.1,1118000.0
4942,694.2,1105000.0
4943,694.3,1088146.2
4944,694.4,1068000.0
4945,694.5,1045000.0
4946,694.6,1017996.102
4947,694.7,987600.0
4948,694.8,954700.0
4949,694.9,919168.383
4950,695.0,881300.0
4951,695.1,841550.871
4952,695.2,800300.0
4953,695.3,757900.0
4954,695.4,714694.721
4955,695.5,671100.0
4956,695.6,627500.0
4957,695.7,584129.803
4958,695.8,541400.0
4959,695.9,499700.0
4960,696.0,459154.726
4961,696.1,420000.0
4962,696.2,382500.0
4963,696.3,346830.951
4964,696.4,313100.0
4965,696.5,281400.0
4966,696.6,251800.011
4967,696.7,224300.0
4968,696.8,198900.0
4969,696.9,175631.714
4970,697.0,154400.0
4971,697.1,135100.0
4972,697.2,117704.054
4973,697.3,102100.0
4974,697.4,88160.0
4975,697.5,75794.866
4976,697.6,64890.0
4977,697.7,55320.0
4978,697.8,46957.617
4979,697.9,39690.0
4980,698.0,33410.0
4981,698.1,28016.954
4982,698.2,23410.0
4983,698.3,19490.0
4984,698.4,16170.171
4985,698.5,13380.0
4986,698.6,11050.0
4987,698.7,9106.325
4988,698.8,7495.0
4989,698.9,6168.0
4990,699.0,5080.373
4991,699.1,4194.0
4992,699.2,3474.0
4993,699.3,2892.586
4994,699.4,2426.0
4995,699.5,2052.0
4996,699.6,1752.84
4997,699.7,1515.0
4998,699.8,1326.0
4999,699.9,1174.936
5000,700.0,1054.0
5001,700.1,956.483
5002,700.2,877.2
5003,700.3,811.6
5004,700.4,756.278
5005,700.5,708.6
5006,700.6,666.3
5007,700.7,628.056
5008,700.8,592.7
5009,700.9,559.2
5010,701.0,527.123
5011,701.1,496.1
5012,701.2,465.8
5013,701.3,436.134
5014,701.4,407.1
5015,701.5,378.7
5016,701.6,350.948
5017,701.7,324.0
5018,701.8,298.0
5019,701.9,272.939
5020,702.0,248.9
5021,702.1,226.0
5022,702.2,204.345
5023,702.3,184.0
5024,702.4,165.0
5025,702.5,147.303
5026,702.6,130.9
5027,702.7,115.8
5028,702.8,102.004
5029,702.9,89.46
5030,703.0,78.11
5031,703.1,67.905
5032,703.2,58.77
5033,703.3,50.63
5034,703.4,43.43
5035,703.5,37.09
5036,703.6,31.53
5037,703.7,26.686
5038,703.8,22.49
5039,703.9,18.87
5040,704.0,15.757
5041,704.1,13.1
5042,704.2,10.85
5043,704.3,8.943
5044,704.4,7.336
5045,704.5,5.992
5046,704.6,4.872
5047,704.7,3.945
5048,704.8,3.18
5049,704.9,2.552
5050,705.0,2.039
5051,705.1,1.622
5052,705.2,1.284
5053,705.3,1.012
5054,705.4,0.794
5055,705.5,0.621
5056,705.6,0.483
5057,705.7,0.374
5058,705.8,0.288
5059,705.9,0.221
5060,706.0,0.169
5061,706.1,0.129
5062,706.2,0.097
5063,706.3,0.073
5064,706.4,0.055
5065,706.5,0.041
5066,706.6,0.031
5067,706.7,0.023
5068,706.8,0.017
5069,706.9,0.012
5070,707.0,0.009
5071,707.1,0.007
5072,707.2,0.005
5073,707.3,0.003
5074,707.4,0.002
5075,707.5,0.002
5076,707.6,0.001
5077,707.7,0.001
5078,707.8,0.001
5079,707.9,0.0
5080,708.0,0.0
5081,708.1,0.0
5082,708.2,0.0
5083,708.3,0.0
5084,708.4,0.0
5085,708.5,0.0
5086,708.6,0.0
5087,708.7,0.0
5088,708.8,0.0
5089,708.9,0.0
5090,709.0,0.0
5091,709.1,0.0
5092,709.2,0.0
5093,709.3,0.0
5094,709.4,0.0
5095,709.5,0.0
5096,709.6,0.0
5097,709.7,0.0
5098,709.8,0.0
5099,709.9,0.0
5100,710.0,0.0
5101,710.1,0.0
5102,710.2,0.0
5103,710.3,0.0
5104,710.4,0.0
5105,710.5,0.0
5106,710.6,0.0
5107,710.7,0.0
5108,710.8,0.0
5109,710.9,0.0
5110,711.0,0.0
5111,711.1,0.0
5112,711.2,0.0
5113,711.3,0.0
5114,711.4,0.0
5115,711.5,0.0
5116,711.6,0.0
5117,711.7,0.0
5118,711.8,0.0
5119,711.9,0.0
5120,712.0,0.0
5121,712.1,0.0
5122,712.2,0.0
5123,712.3,0.0
5124,712.4,0.0
5125,712.5,0.0
5126,712.6,0.0
5127,712.7,0.0
5128,712.8,0.0
5129,712.9,0.0
5130,713.0,0.0
5131,713.1,0.0
5132,713.2,0.0
5133,713.3,0.0
5134,713.4,0.0
5135,713.5,0.0
5136,713.6,0.0
5137,713.7,0.0
5138,713.8,0.0
5139,713.9,0.0
5140,714.0,0.0
5141,714.1,0.0
5142,714.2,0.0
5143,714.3,0.0
5144,714.4,0.0
5145,714.5,0.0
5146,714.6,0.0
5147,714.7,0.0
5148,714.8,0.0
5149,714.9,0.0
5150,715.0,0.0
5151,715.1,0.0
5152,715.2,0.0
5153,715.3,0.0
5154,715.4,0.0
5155,715.5,0.0
5156,715.6,0.0
5157,715.7,0.0
5158,715.8,0.0
5159,715.9,0.0
5160,716.0,0.0
5161,716.1,0.0
5162,716.2,0.0
5163,716.3,0.0
5164,716.4,0.0
5165,716.5,0.0
5166,716.6,0.0
5167,716.7,0.0
5168,716.8,0.0
5169,716.9,0.0
5170,717.0,0.0
5171,717.1,0.0
5172,717.2,0.0
5173,717.3,0.0
5174,717.4,0.0
5175,717.5,0.0
5176,717.6,0.0
5177,717.7,0.0
5178,717.8,0.0
5179,717.9,0.0
5180,718.0,0.0
5181,718.1,0.0
5182,718.2,0.0
5183,718.3,0.0
5184,718.4,0.0
5185,718.5,0.0
5186,718.6,0.0
5187,718.7,0.0
5188,718.8,0.0
5189,718.9,0.0
5190,719.0,0.0
5191,719.1,0.0
5192,719.2,0.0
5193,719.3,0.0
5194,719.4,0.0
5195,719.5,0.0
5196,719.6,0.0
5197,719.7,0.0
5198,719.8,0.0
5199,719.9,0.0
5200,720.0,0.0
5201,720.1,0.0
5202,720.2,0.0
5203,720.3,0.0
5204,720.4,0.0
5205,720.5,0.0
5206,720.6,0.0
5207,720.7,0.0
5208,720.8,0.0
5209,720.9,0.0
5210,721.0,0.0
5211,721.1,0.0
5212,721.2,0.0
5213,721.3,0.0
5214,721.4,0.0
5215,721.5,0.0
5216,721.6,0.0
5217,721.7,0.0
5218,721.8,0.0
5219,721.9,0.0
5220,722.0,0.0
5221,722.1,0.0
5222,722.2,0.0
5223,722.3,0.0
5224,722.4,0.0
5225,722.5,0.0
5226,722.6,0.0
5227,722.7,0.0
5228,722.8,0.0
5229,722.9,0.0
5230,723.0,0.0
5231,723.1,0.0
5232,723.2,0.0
5233,723.3,0.0
5234,723.4,0.0
5235,723.5,0.0
5236,723.6,0.0
5237,723.7,0.0
5238,723.8,0.0
5239,723.9,0.0
5240,724.0,0.0
5241,724.1,0.0
5242,724.2,0.0
5243,724.3,0.0
5244,724.4,0.0
5245,724.5,0.0
5246,724.6,0.0
5247,724.7,0.0
5248,724.8,0.0
5249,724.9,0.0
5250,725.0,0.0
5251,725.1,0.0
5252,725.2,0.0
5253,725.3,0.0
5254,725.4,0.0
5255,725.5,0.0
5256,725.6,0.0
5257,725.7,0.0
5258,725.8,0.0
5259,725.9,0.0
5260,726.0,0.0
5261,726.1,0.0
5262,726.2,0.0
5263,726.3,0.0
5264,726.4,0.0
5265,726.5,0.0
5266,726.6,0.0
5267,726.7,0.0
5268,726.8,0.0
5269,726.9,0.0
5270,727.0,0.0
5271,727.1,0.0
5272,727.2,0.0
5273,727.3,0.0
5274,727.4,0.0
5275,727.5,0.0
5276,727.6,0.0
5277,727.7,0.0
5278,727.8,0.0
5279,727.9,0.0
5280,728.0,0.0
5281,728.1,0.0
5282,728.2,0.0
5283,728.3,0.0
5284,728.4,0.0
5285,728.5,0.0
5286,728.6,0.0
5287,728.7,0.0
5288,728.8,0.0
5289,728.9,0.0
5290,729.0,0.0
5291,729.1,0.0
5292,729.2,0.0
5293,729.3,0.0
5294,729.4,0.0
5295,729.5,0.0
5296,729.6,0.0
5297,729.7,0.0
5298,729.8,0.0
5299,729.9,0.0
5300,730.0,0.0
5301,730.1,0.0
5302,730.2,0.0
5303,730.3,0.0
5304,730.4,0.0
5305,730.5,0.0
5306,730.6,0.0
5307,730.7,0.0
5308,730.8,0.0
5309,730.9,0.0
5310,731.0,0.0
5311,731.1,0.0
5312,731.2,0.0
5313,731.3,0.0
5314,731.4,0.0
5315,731.5,0.0
5316,731.6,0.0
5317,731.7,0.0
5318,731.8,0.0
5319,731.9,0.0
5320,732.0,0.0
5321,732.1,0.0
5322,732.2,0.0
5323,732.3,0.0
5324,732.4,0.0
5325,732.5,0.0
5326,732.6,0.0
5327,732.7,0.0
5328,732.8,0.0
5329,732.9,0.0
5330,733.0,0.0
5331,733.1,0.0
5332,733.2,0.0
5333,733.3,0.0
5334,733.4,0.0
5335,733.5,0.0
5336,733.6,0.0
5337,733.7,0.0
5338,733.8,0.0
5339,733.9,0.0
5340,734.0,0.0
5341,734.1,0.0
5342,734.2,0.0
5343,734.3,0.0
5344,734.4,0.0
5345,734.5,0.0
5346,734.6,0.0
5347,734.7,0.0
5348,734.8,0.0
5349,734.9,0.0
5350,735.0,0.0
5351,735.1,0.0
5352,735.2,0.0
5353,735.3,0.0
5354,735.4,0.0
5355,735.5,0.0
5356,735.6,0.001
5357,735.7,0.001
5358,735.8,0.001
5359,735.9,0.001
5360,736.0,0.002
5361,736.1,0.003
5362,736.2,0.003
5363,736.3,0.005
5364,736.4,0.006
5365,736.5,0.009
5366,736.6,0.012
5367,736.7,0.016
5368,736.8,0.021
5369,736.9,0.028
5370,737.0,0.037
5371,737.1,0.049
5372,737.2,0.064
5373,737.3,0.084
5374,737.4,0.11
5375,737.5,0.142
5376,737.6,0.184
5377,737.7,0.237
5378,737.8,0.305
5379,737.9,0.39
5380,738.0,0.496
5381,738.1,0.63
5382,738.2,0.796
5383,738.3,1.001
5384,738.4,1.255
5385,738.5,1.568
5386,738.6,1.95
5387,738.7,2.416
5388,738.8,2.983
5389,738.9,3.667
5390,739.0,4.49
5391,739.1,5.477
5392,739.2,6.654
5393,739.3,8.053
5394,739.4,9.707
5395,739.5,11.65
5396,739.6,13.932
5397,739.7,16.6
5398,739.8,19.7
5399,739.9,23.288
5400,740.0,27.42
5401,740.1,32.156
5402,740.2,37.56
5403,740.3,43.7
5404,740.4,50.643
5405,740.5,58.46
5406,740.6,67.22
5407,740.7,76.992
5408,740.8,87.83
5409,740.9,99.8
5410,741.0,112.999
5411,741.1,127.4
5412,741.2,143.0
5413,741.3,159.976
5414,741.4,178.3
5415,741.5,197.9
5416,741.6,218.781
5417,741.7,240.9
5418,741.8,264.2
5419,741.9,288.63
5420,742.0,314.1
5421,742.1,340.5
5422,742.2,367.671
5423,742.3,395.4
5424,742.4,423.5
5425,742.5,451.879
5426,742.6,480.3
5427,742.7,508.5
5428,742.8,536.271
5429,742.9,563.3
5430,743.0,589.3
5431,743.1,614.161
5432,743.2,637.6
5433,743.3,659.3
5434,743.4,679.038
5435,743.5,696.6
5436,743.6,711.8
5437,743.7,724.54
5438,743.8,734.6
5439,743.9,741.8
5440,744.0,746.202
5441,744.1,747.7
5442,744.2,746.2
5443,744.3,741.837
5444,744.4,734.6
5445,744.5,724.5
5446,744.6,711.799
5447,744.7,696.6
5448,744.8,679.0
5449,744.9,659.272
5450,745.0,637.6
5451,745.1,614.167
5452,745.2,589.3
5453,745.3,563.3
5454,745.4,536.272
5455,745.5,508.5
5456,745.6,480.3
5457,745.7,451.879
5458,745.8,423.5
5459,745.9,395.4
5460,746.0,367.671
5461,746.1,340.5
5462,746.2,314.1
5463,746.3,288.63
5464,746.4,264.2
5465,746.5,240.9
5466,746.6,218.781
5467,746.7,197.9
5468,746.8,178.3
5469,746.9,159.976
5470,747.0,143.0
5471,747.1,127.4
5472,747.2,112.999
5473,747.3,99.8
5474,747.4,87.83
5475,747.5,76.992
5476,747.6,67.22
5477,747.7,58.46
5478,747.8,50.643
5479,747.9,43.7
5480,748.0,37.56
5481,748.1,32.155
5482,748.2,27.42
5483,748.3,23.29
5484,748.4,19.7
5485,748.5,16.6
5486,748.6,13.94
5487,748.7,11.657
5488,748.8,9.707
5489,748.9,8.052
5490,749.0,6.654
5491,749.1,5.477
5492,749.2,4.49
5493,749.3,3.667
5494,749.4,2.983
5495,749.5,2.417
5496,749.6,1.95
5497,749.7,1.568
5498,749.8,1.256
5499,749.9,1.002
5500,750.0,0.796
5501,750.1,0.63
5502,750.2,0.496
5503,750.3,0.39
5504,750.4,0.305
5505,750.5,0.237
5506,750.6,0.184
5507,750.7,0.142
5508,750.8,0.11
5509,750.9,0.084
5510,751.0,0.064
5511,751.1,0.049
5512,751.2,0.037
5513,751.3,0.028
5514,751.4,0.021
5515,751.5,0.016
5516,751.6,0.012
5517,751.7,0.009
5518,751.8,0.006
5519,751.9,0.005
5520,752.0,0.003
5521,752.1,0.003
5522,752.2,0.002
5523,752.3,0.001
5524,752.4,0.001
5525,752.5,0.001
5526,752.6,0.001
5527,752.7,0.0
5528,752.8,0.0
5529,752.9,0.0
5530,753.0,0.0
5531,753.1,0.0
5532,753.2,0.0
5533,753.3,0.0
5534,753.4,0.0
5535,753.5,0.0
5536,753.6,0.0
5537,753.7,0.0
5538,753.8,0.0
5539,753.9,0.0
5540,754.0,0.0
5541,754.1,0.0
5542,754.2,0.0
5543,754.3,0.0
5544,754.4,0.0
5545,754.5,0.0
5546,754.6,0.0
5547,754.7,0.0
5548,754.8,0.0
5549,754.9,0.0
5550,755.0,0.001
5551,755.1,0.001
5552,755.2,0.002
5553,755.3,0.003
5554,755.4,0.004
5555,755.5,0.006
5556,755.6,0.009
5557,755.7,0.014
5558,755.8,0.021
5559,755.9,0.032
5560,756.0,0.047
5561,756.1,0.07
5562,756.2,0.104
5563,756.3,0.152
5564,756.4,0.224
5565,756.5,0.327
5566,756.6,0.476
5567,756.7,0.692
5568,756.8,1.0
5569,756.9,1.439
5570,757.0,2.068
5571,757.1,2.957
5572,757.2,4.207
5573,757.3,5.978
5574,757.4,8.454
5575,757.5,11.902
5576,757.6,16.72
5577,757.7,23.37
5578,757.8,32.531
5579,757.9,45.2
5580,758.0,62.51
5581,758.1,86.044
5582,758.2,118.2
5583,758.3,161.7
5584,758.4,220.214
5585,758.5,299.1
5586,758.6,404.5
5587,758.7,544.86
5588,758.8,731.9
5589,758.9,978.9
5590,759.0,1303.982
5591,759.1,1732.0
5592,759.2,2291.0
5593,759.3,3018.616
5594,759.4,3965.0
5595,759.5,5186.0
5596,759.6,6755.808
5597,759.7,8777.0
5598,759.8,11360.0
5599,759.9,14635.151
5600,760.0,18790.0
5601,760.1,24039.184
5602,760.2,30650.0
5603,760.3,38920.0
5604,760.4,49235.308
5605,760.5,62080.0
5606,760.6,77970.0
5607,760.7,97524.338
5608,760.8,121600.0
5609,760.9,151100.0
5610,761.0,186971.924
5611,761.1,230500.0
5612,761.2,283100.0
5613,761.3,346424.236
5614,761.4,422400.0
5615,761.5,513100.0
5616,761.6,620991.234
5617,761.7,748800.0
5618,761.8,899500.0
5619,761.9,1076764.89
5620,762.0,1284000.0
5621,762.1,1525000.0
5622,762.2,1805202.061
5623,762.3,2129000.0
5624,762.4,2501000.0
5625,762.5,2927804.554
5626,762.6,3415000.0
5627,762.7,3968000.0
5628,762.8,4593268.522
5629,762.9,5298000.0
5630,763.0,6089000.0
5631,763.1,6971482.534
5632,763.2,7952000.0
5633,763.3,9037000.0
5634,763.4,10231085.762
5635,763.5,11540000.0
5636,763.6,12970000.0
5637,763.7,14526471.786
5638,763.8,16209999.999
5639,763.9,18019999.999
5640,764.0,19956351.934
5641,764.1,22019999.999
5642,764.2,24209999.999
5643,764.3,26518233.206
5644,764.4,28939999.999
5645,764.5,31469999.999
5646,764.6,34096262.761
5647,764.7,36809999.999
5648,764.8,39599999.999
5649,764.9,42442589.608
5650,765.0,45319999.999
5651,765.1,48217138.994
5652,765.2,51119999.999
5653,765.3,54009999.999
5654,765.4,56854830.703
5655,765.5,59639999.999
5656,765.6,62349999.999
5657,765.7,64948986.917
5658,765.8,67419999.999
5659,765.9,69749999.999
5660,766.0,71918216.52
5661,766.1,73909999.999
5662,766.2,75709999.999
5663,766.3,77295869.153
5664,766.4,78660000.0
5665,766.5,79800000.0
5666,766.6,80715255.352
5667,766.7,81400000.0
5668,766.8,81850000.0
5669,766.9,82073088.808
5670,767.0,82080000.0
5671,767.1,81880000.0
5672,767.2,81478871.166
5673,767.3,80890000.0
5674,767.4,80130000.0
5675,767.5,79219414.27
5676,767.6,78180000.0
5677,767.7,77030000.0
5678,767.8,75778300.011
5679,767.9,74450000.0
5680,768.0,73070000.0
5681,768.1,71646735.895
5682,768.2,70200000.0
5683,768.3,68750000.0
5684,768.4,67303606.35
5685,768.5,65870000.0
5686,768.6,64460000.0
5687,768.7,63084162.524
5688,768.8,61750000.0
5689,768.9,60460000.0
5690,769.0,59204662.767
5691,769.1,57990000.0
5692,769.2,56820000.0
5693,769.3,55676860.359
5694,769.4,54560000.0
5695,769.5,53470000.0
5696,769.6,52391672.794
5697,769.7,51320000.0
5698,769.8,50250000.0
5699,769.9,49165317.949
5700,770.0,48060000.0
5701,770.1,46931903.087
5702,770.2,45780000.0
5703,770.3,44600000.0
5704,770.4,43377401.88
5705,770.5,42110000.0
5706,770.6,40800000.0
5707,770.7,39450326.04
5708,770.8,38060000.0
5709,770.9,36630000.0
5710,771.0,35170151.736
5711,771.1,33680000.0
5712,771.2,32160000.0
5713,771.3,30624525.856
5714,771.4,29080000.001
5715,771.5,27530000.001
5716,771.6,25979999.025
5717,771.7,24440000.0
5718,771.8,22920000.0
5719,771.9,21425459.03
5720,772.0,19960000.0
5721,772.1,18530000.0
5722,772.2,17149615.928
5723,772.3,15820000.0
5724,772.4,14540000.0
5725,772.5,13314837.856
5726,772.6,12150000.0
5727,772.7,11050000.0
5728,772.8,10016245.828
5729,772.9,9047000.0
5730,773.0,8141000.0
5731,773.1,7300222.476
5732,773.2,6523000.0
5733,773.3,5807000.0
5734,773.4,5151327.542
5735,773.5,4553000.0
5736,773.6,4009000.0
5737,773.7,3517979.425
5738,773.8,3076000.0
5739,773.9,2679000.0
5740,774.0,2325103.538
5741,774.1,2011000.0
5742,774.2,1733000.0
5743,774.3,1488000.415
5744,774.4,1273000.0
5745,774.5,1085000.0
5746,774.6,921177.899
5747,774.7,779200.0
5748,774.8,656800.0
5749,774.9,551607.016
5750,775.0,461600.0
5751,775.1,384900.574
5752,775.2,319800.0
5753,775.3,264700.0
5754,775.4,218291.315
5755,775.5,179400.0
5756,775.6,146900.0
5757,775.7,119828.564
5758,775.8,97410.0
5759,775.9,78920.0
5760,776.0,63712.67
5761,776.1,51270.0
5762,776.2,41120.0
5763,776.3,32872.82
5764,776.4,26210.0
5765,776.5,20840.0
5766,776.6,16532.291
5767,776.7,13100.0
5768,776.8,10370.0
5769,776.9,8202.065
5770,777.0,6495.0
5771,777.1,5158.0
5772,777.2,4113.465
5773,777.3,3304.0
5774,777.4,2679.0
5775,777.5,2198.894
5776,777.6,1834.0
5777,777.7,1558.0
5778,777.8,1351.274
5779,777.9,1199.0
5780,778.0,1088.0
5781,778.1,1008.78
5782,778.2,954.4
5783,778.3,918.8
5784,778.4,897.889
5785,778.5,888.8
5786,778.6,889.1
5787,778.7,897.407
5788,778.8,913.0
5789,778.9,935.4
5790,779.0,964.671
5791,779.1,1001.0
5792,779.2,1045.0
5793,779.3,1098.537
5794,779.4,1162.0
5795,779.5,1236.0
5796,779.6,1323.327
5797,779.7,1425.0
5798,779.8,1542.0
5799,779.9,1677.275
5800,780.0,1833.0
5801,780.1,2010.868
5802,780.2,2212.0
5803,780.3,2438.0
5804,780.4,2692.396
5805,780.5,2977.0
5806,780.6,3293.0
5807,780.7,3641.524
5808,780.8,4024.0
5809,780.9,4442.0
5810,781.0,4896.971
5811,781.1,5389.0
5812,781.2,5918.0
5813,781.3,6484.273
5814,781.4,7087.0
5815,781.5,7725.0
5816,781.6,8396.767
5817,781.7,9100.0
5818,781.8,9832.0
5819,781.9,10589.492
5820,782.0,11370.0
5821,782.1,12170.0
5822,782.2,12981.733
5823,782.3,13800.0
5824,782.4,14620.0
5825,782.5,15435.119
5826,782.6,16240.0
5827,782.7,17030.0
5828,782.8,17800.104
5829,782.9,18540.0
5830,783.0,19240.0
5831,783.1,19897.748
5832,783.2,20510.0
5833,783.3,21070.0
5834,783.4,21563.733
5835,783.5,21990.0
5836,783.6,22350.0
5837,783.7,22638.865
5838,783.8,22850.0
5839,783.9,22980.0
5840,784.0,23034.923
5841,784.1,23010.0
5842,784.2,22900.0
5843,784.3,22711.197
5844,784.4,22450.0
5845,784.5,22120.0
5846,784.6,21718.623
5847,784.7,21250.0
5848,784.8,20720.0
5849,784.9,20133.709
5850,785.0,19500.0
5851,785.1,18827.548
5852,785.2,18120.0
5853,785.3,17380.0
5854,785.4,16612.774
5855,785.5,15830.0
5856,785.6,15040.0
5857,785.7,14237.942
5858,785.8,13440.0
5859,785.9,12660.0
5860,786.0,11884.084
5861,786.1,11120.0
5862,786.2,10380.0
5863,786.3,9664.98
5864,786.4,8977.0
5865,786.5,8319.0
5866,786.6,7692.977
5867,786.7,7100.0
5868,786.8,6541.0
5869,786.9,6016.92
5870,787.0,5528.0
5871,787.1,5074.0
5872,787.2,4653.783
5873,787.3,4267.0
5874,787.4,3913.0
5875,787.5,3589.341
5876,787.6,3295.0
5877,787.7,3029.0
5878,787.8,2788.882
5879,787.9,2573.0
5880,788.0,2380.0
5881,788.1,2208.323
5882,788.2,2056.0
5883,788.3,1921.0
5884,788.4,1801.622
5885,788.5,1697.0
5886,788.6,1606.0
5887,788.7,1526.075
5888,788.8,1456.0
5889,788.9,1395.0
5890,789.0,1342.289
5891,789.1,1297.0
5892,789.2,1258.0
5893,789.3,1223.66
5894,789.4,1194.0
5895,789.5,1169.0
5896,789.6,1146.94
5897,789.7,1127.0
5898,789.8,1109.0
5899,789.9,1093.528
5900,790.0,1080.0
5901,790.1,1067.597
5902,790.2,1056.0
5903,790.3,1045.0
5904,790.4,1034.357
5905,790.5,1024.0
5906,790.6,1014.0
5907,790.7,1004.631
5908,790.8,995.6
5909,790.9,986.6
5910,791.0,977.841
5911,791.1,969.4
5912,791.2,961.3
5913,791.3,953.647
5914,791.4,946.6
5915,791.5,940.3
5916,791.6,934.818
5917,791.7,930.3
5918,791.8,926.9
5919,791.9,924.705
5920,792.0,923.8
5921,792.1,924.3
5922,792.2,926.367
5923,792.3,930.0
5924,792.4,935.2
5925,792.5,942.093
5926,792.6,950.6
5927,792.7,960.6
5928,792.8,972.042
5929,792.9,984.8
5930,793.0,998.8
5931,793.1,1014.086
5932,793.2,1030.0
5933,793.3,1046.0
5934,793.4,1062.494
5935,793.5,1079.0
5936,793.6,1095.0
5937,793.7,1110.793
5938,793.8,1126.0
5939,793.9,1140.0
5940,794.0,1152.293
5941,794.1,1163.0
5942,794.2,1172.0
5943,794.3,1178.13
5944,794.4,1182.0
5945,794.5,1184.0
5946,794.6,1182.339
5947,794.7,1178.0
5948,794.8,1172.0
5949,794.9,1162.632
5950,795.0,1150.0
5951,795.1,1134.747
5952,795.2,1117.0
5953,795.3,1097.0
5954,795.4,1075.545
5955,795.5,1052.0
5956,795.6,1026.0
5957,795.7,999.345
5958,795.8,972.1
5959,795.9,944.0
5960,796.0,915.748
5961,796.1,887.8
5962,796.2,860.5
5963,796.3,834.268
5964,796.4,809.5
5965,796.5,786.6
5966,796.6,766.002
5967,796.7,748.0
5968,796.8,732.9
5969,796.9,721.146
5970,797.0,713.0
5971,797.1,708.7
5972,797.2,708.576
5973,797.3,712.8
5974,797.4,721.5
5975,797.5,734.826
5976,797.6,752.9
5977,797.7,775.8
5978,797.8,803.505
5979,797.9,836.1
5980,798.0,873.6
5981,798.1,915.707
5982,798.2,962.5
5983,798.3,1014.0
5984,798.4,1069.622
5985,798.5,1129.0
5986,798.6,1192.0
5987,798.7,1258.814
5988,798.8,1329.0
5989,798.9,1402.0
5990,799.0,1477.499
5991,799.1,1555.0
5992,799.2,1634.0
5993,799.3,1714.167
5994,799.4,1795.0
5995,799.5,1876.0
5996,799.6,1956.841
5997,799.7,2037.0
5998,799.8,2116.0
5999,799.9,2193.617
6000,800.0,2269.0
6001,800.1,2341.247
6002,800.2,2410.0
6003,800.3,2475.0
6004,800.4,2535.828
6005,800.5,2592.0
6006,800.6,2643.0
6007,800.7,2688.337
6008,800.8,2728.0
6009,800.9,2762.0
6010,801.0,2789.899
6011,801.1,2811.0
6012,801.2,2825.0
6013,801.3,2832.841
6014,801.4,2834.0
6015,801.5,2828.0
6016,801.6,2815.886
6017,801.7,2797.0
6018,801.8,2771.0
6019,801.9,2740.144
6020,802.0,2704.0
6021,802.1,2662.0
6022,802.2,2615.964
6023,802.3,2566.0
6024,802.4,2512.0
6025,802.5,2455.178
6026,802.6,2396.0
6027,802.7,2335.0
6028,802.8,2273.794
6029,802.9,2213.0
6030,803.0,2153.0
6031,803.1,2094.761
6032,803.2,2040.0
6033,803.3,1990.0
6034,803.4,1944.372
6035,803.5,1905.0
6036,803.6,1874.0
6037,803.7,1852.01
6038,803.8,1841.0
6039,803.9,1843.0
6040,804.0,1858.903
6041,804.1,1891.0
6042,804.2,1942.0
6043,804.3,2014.485
6044,804.4,2111.0
6045,804.5,2234.0
6046,804.6,2386.114
6047,804.7,2572.0
6048,804.8,2796.0
6049,804.9,3060.033
6050,805.0,3369.0
6051,805.1,3728.486
6052,805.2,4143.0
6053,805.3,4617.0
6054,805.4,5155.82
6055,805.5,5765.0
6056,805.6,6450.0
6057,805.7,7216.218
6058,805.8,8070.0
6059,805.9,9016.0
6060,806.0,10054.813
6061,806.1,11200.0
6062,806.2,12460.0
6063,806.3,13818.132
6064,806.4,15290.0
6065,806.5,16890.0
6066,806.6,18596.981
6067,806.7,20420.0
6068,806.8,22370.0
6069,806.9,24430.067
6070,807.0,26600.0
6071,807.1,28880.0
6072,807.2,31252.803
6073,807.3,33720.0
6074,807.4,36280.0
6075,807.5,38902.124
6076,807.6,41580.0
6077,807.7,44310.0
6078,807.8,47067.624
6079,807.9,49830.0
6080,808.0,52580.0
6081,808.1,55311.047
6082,808.2,58000.0
6083,808.3,60620.0
6084,808.4,63149.859
6085,808.5,65570.0
6086,808.6,67860.0
6087,808.7,69998.014
6088,808.8,71970.0
6089,808.9,73760.0
6090,809.0,75340.609
6091,809.1,76700.0
6092,809.2,77830.0
6093,809.3,78717.679
6094,809.4,79350.0
6095,809.5,79720.0
6096,809.6,79837.167
6097,809.7,79690.0
6098,809.8,79270.0
6099,809.9,78599.656
6100,810.0,77680.0
6101,810.1,76509.808
6102,810.2,75110.0
6103,810.3,73500.0
6104,810.4,71678.911
6105,810.5,69670.0
6106,810.6,67500.0
6107,810.7,65180.806
6108,810.8,62730.0
6109,810.9,60170.0
6110,811.0,57528.577
6111,811.1,54820.0
6112,811.2,52060.0
6113,811.3,49280.882
6114,811.4,46500.0
6115,811.5,43730.0
6116,811.6,40986.347
6117,811.7,38290.0
6118,811.8,35660.0
6119,811.9,33103.751
6120,812.0,30630.0
6121,812.1,28250.0
6122,812.2,25978.038
6123,812.3,23820.0
6124,812.4,21780.0
6125,812.5,19864.591
6126,812.6,18080.0
6127,812.7,16430.0
6128,812.8,14911.878
6129,812.9,13530.0
6130,813.0,12290.0
6131,813.1,11194.516
6132,813.2,10250.0
6133,813.3,9462.0
6134,813.4,8830.741
6135,813.5,8367.0
6136,813.6,8084.0
6137,813.7,7993.847
6138,813.8,8115.0
6139,813.9,8469.0
6140,814.0,9083.145
6141,814.1,9988.0
6142,814.2,11220.0
6143,814.3,12834.272
6144,814.4,14880.0
6145,814.5,17410.0
6146,814.6,20503.689
6147,814.7,24250.0
6148,814.8,28740.0
6149,814.9,34075.405
6150,815.0,40380.0
6151,815.1,47787.422
6152,815.2,56450.0
6153,815.3,66530.0
6154,815.4,78213.139
6155,815.5,91700.0
6156,815.6,107200.0
6157,815.7,124949.98
6158,815.8,145200.0
6159,815.9,168200.0
6160,816.0,194202.796
6161,816.1,223500.0
6162,816.2,256400.0
6163,816.3,293230.854
6164,816.4,334300.0
6165,816.5,379900.0
6166,816.6,430300.444
6167,816.7,485800.0
6168,816.8,546700.0
6169,816.9,613263.534
6170,817.0,685700.0
6171,817.1,764200.0
6172,817.2,848946.833
6173,817.3,940200.0
6174,817.4,1038000.0
6175,817.5,1141762.373
6176,817.6,1252000.0
6177,817.7,1369000.0
6178,817.8,1491444.948
6179,817.9,1620000.0
6180,818.0,1755000.0
6181,818.1,1893884.328
6182,818.2,2037000.0
6183,818.3,2185000.0
6184,818.4,2336137.132
6185,818.5,2489000.0
6186,818.6,2643000.0
6187,818.7,2798991.226
6188,818.8,2955000.0
6189,818.9,3109000.0
6190,819.0,3261476.868
6191,819.1,3411000.0
6192,819.2,3556000.0
6193,819.3,3696525.237
6194,819.4,3831000.0
6195,819.5,3958000.0
6196,819.6,4078164.3
6197,819.7,4190000.0
6198,819.8,4292000.0
6199,819.9,4384896.411
6200,820.0,4468000.0
6201,820.1,4540473.409
6202,820.2,4603000.0
6203,820.3,4656000.0
6204,820.4,4698174.78
6205,820.5,4731000.0
6206,820.6,4756000.0
6207,820.7,4772235.684
6208,820.8,4781000.0
6209,820.9,4784000.0
6210,821.0,4781853.317
6211,821.1,4776000.0
6212,821.2,4768000.0
6213,821.3,4758990.733
6214,821.4,4751000.0
6215,821.5,4746000.0
6216,821.6,4744878.037
6217,821.7,4749000.0
6218,821.8,4760000.0
6219,821.9,4779743.849
6220,822.0,4810000.0
6221,822.1,4852000.0
6222,822.2,4905526.617
6223,822.3,4972000.0
6224,822.4,5053000.0
6225,822.5,5148668.708
6226,822.6,5259000.0
6227,822.7,5384000.0
6228,822.8,5523463.36
6229,822.9,5677000.0
6230,823.0,5844000.0
6231,823.1,6023263.366
6232,823.2,6214000.0
6233,823.3,6415000.0
6234,823.4,6623243.809
6235,823.5,6837000.0
6236,823.6,7055000.0
6237,823.7,7275640.675
6238,823.8,7496000.0
6239,823.9,7713000.0
6240,824.0,7924311.662
6241,824.1,8128000.0
6242,824.2,8322000.0
6243,824.3,8503565.079
6244,824.4,8670000.0
6245,824.5,8819000.0
6246,824.6,8949322.066
6247,824.7,9059000.0
6248,824.8,9146000.0
6249,824.9,9209051.947
6250,825.0,9247000.0
6251,825.1,9258932.965
6252,825.2,9245000.0
6253,825.3,9205000.0
6254,825.4,9137203.768
6255,825.5,9043000.0
6256,825.6,8924000.0
6257,825.7,8779600.441
6258,825.8,8611000.0
6259,825.9,8420000.0
6260,826.0,8208228.065
6261,826.1,7977000.0
6262,826.2,7728000.0
6263,826.3,7464184.561
6264,826.4,7187000.0
6265,826.5,6898000.0
6266,826.6,6600507.631
6267,826.7,6296000.0
6268,826.8,5986000.0
6269,826.9,5674058.718
6270,827.0,5362000.0
6271,827.1,5051000.0
6272,827.2,4742402.495
6273,827.3,4439000.0
6274,827.4,4143000.0
6275,827.5,3853679.952
6276,827.6,3573000.0
6277,827.7,3303000.0
6278,827.8,3043136.756
6279,827.9,2795000.0
6280,828.0,2560000.0
6281,828.1,2336689.765
6282,828.2,2126000.0
6283,828.3,1929000.0
6284,828.4,1744429.608
6285,828.5,1572000.0
6286,828.6,1412000.0
6287,828.7,1264969.158
6288,828.8,1130000.0
6289,828.9,1006000.0
6290,829.0,892667.337
6291,829.1,789600.0
6292,829.2,696300.0
6293,829.3,612187.071
6294,829.4,536600.0
6295,829.5,468900.0
6296,829.6,408557.267
6297,829.7,354900.0
6298,829.8,307300.0
6299,829.9,265400.564
6300,830.0,228600.0
6301,830.1,196281.31
6302,830.2,168100.0
6303,830.3,143700.0
6304,830.4,122498.347
6305,830.5,104200.0
6306,830.6,88550.0
6307,830.7,75135.575
6308,830.8,63690.0
6309,830.9,53990.0
6310,831.0,45799.319
6311,831.1,38920.0
6312,831.2,33170.0
6313,831.3,28391.369
6314,831.4,24450.0
6315,831.5,21220.0
6316,831.6,18593.147
6317,831.7,16480.0
6318,831.8,14800.0
6319,831.9,13491.163
6320,832.0,12490.0
6321,832.1,11740.0
6322,832.2,11213.622
6323,832.3,10870.0
6324,832.4,10670.0
6325,832.5,10598.729
6326,832.6,10630.0
6327,832.7,10740.0
6328,832.8,10927.932
6329,832.9,11180.0
6330,833.0,11480.0
6331,833.1,11821.72
6332,833.2,12200.0
6333,833.3,12610.0
6334,833.4,13048.733
6335,833.5,13510.0
6336,833.6,13990.0
6337,833.7,14494.885
6338,833.8,15020.0
6339,833.9,15560.0
6340,834.0,16119.484
6341,834.1,16700.0
6342,834.2,17300.0
6343,834.3,17914.625
6344,834.4,18550.0
6345,834.5,19210.0
6346,834.6,19882.198
6347,834.7,20570.0
6348,834.8,21280.0
6349,834.9,22010.694
6350,835.0,22760.0
6351,835.1,23525.265
6352,835.2,24300.0
6353,835.3,25080.0
6354,835.4,25871.011
6355,835.5,26670.0
6356,835.6,27470.0
6357,835.7,28262.907
6358,835.8,29050.0
6359,835.9,29830.0
6360,836.0,30586.545
6361,836.1,31320.0
6362,836.2,32030.0
6363,836.3,32697.287
6364,836.4,33320.0
6365,836.5,33900.0
6366,836.6,34430.146
6367,836.7,34900.0
6368,836.8,35300.0
6369,836.9,35626.233
6370,837.0,35880.0
6371,837.1,36060.0
6372,837.2,36153.962
6373,837.3,36160.0
6374,837.4,36080.0
6375,837.5,35915.174
6376,837.6,35660.0
6377,837.7,35310.0
6378,837.8,34871.236
6379,837.9,34350.0
6380,838.0,33750.0
6381,838.1,33068.986
6382,838.2,32310.0
6383,838.3,31480.0
6384,838.4,30590.546
6385,838.5,29640.0
6386,838.6,28630.0
6387,838.7,27583.223
6388,838.8,26500.0
6389,838.9,25380.0
6390,839.0,24243.168
6391,839.1,23090.0
6392,839.2,21920.0
6393,839.3,20750.884
6394,839.4,19590.0
6395,839.5,18440.0
6396,839.6,17303.029
6397,839.7,16190.0
6398,839.8,15110.0
6399,839.9,14058.559
6400,840.0,13040.0
6401,840.1,12060.416
6402,840.2,11120.0
6403,840.3,10220.0
6404,840.4,9368.759
6405,840.5,8565.0
6406,840.6,7806.0
6407,840.7,7094.225
6408,840.8,6429.0
6409,840.9,5809.0
6410,841.0,5234.354
6411,841.1,4703.0
6412,841.2,4213.0
6413,841.3,3764.633
6414,841.4,3355.0
6415,841.5,2981.0
6416,841.6,2642.087
6417,841.7,2336.0
6418,841.8,2060.0
6419,841.9,1812.091
6420,842.0,1591.0
6421,842.1,1395.0
6422,842.2,1220.701
6423,842.3,1067.0
6424,842.4,933.1
6425,842.5,816.866
6426,842.6,717.0
6427,842.7,632.5
6428,842.8,562.404
6429,842.9,506.1
6430,843.0,463.1
6431,843.1,433.144
6432,843.2,416.4
6433,843.3,413.2
6434,843.4,424.271
6435,843.5,450.9
6436,843.6,494.6
6437,843.7,557.431
6438,843.8,642.1
6439,843.9,751.8
6440,844.0,890.998
6441,844.1,1064.0
6442,844.2,1276.0
6443,844.3,1535.756
6444,844.4,1851.0
6445,844.5,2230.0
6446,844.6,2685.323
6447,844.7,3231.0
6448,844.8,3882.0
6449,844.9,4657.124
6450,845.0,5578.0
6451,845.1,6668.692
6452,845.2,7961.0
6453,845.3,9488.0
6454,845.4,11285.485
6455,845.5,13410.0
6456,845.6,15920.0
6457,845.7,18867.444
6458,845.8,22330.0
6459,845.9,26400.0
6460,846.0,31197.154
6461,846.1,36840.0
6462,846.2,43460.0
6463,846.3,51250.948
6464,846.4,60430.0
6465,846.5,71230.0
6466,846.6,83945.035
6467,846.7,98910.0
6468,846.8,116500.0
6469,846.9,137245.84
6470,847.0,161800.0
6471,847.1,190800.0
6472,847.2,224852.985
6473,847.3,265000.0
6474,847.4,312400.0
6475,847.5,368275.428
6476,847.6,434100.0
6477,847.7,511500.0
6478,847.8,602528.654
6479,847.9,709600.0
6480,848.0,835300.0
6481,848.1,982668.704
6482,848.2,1155000.0
6483,848.3,1356000.0
6484,848.4,1590723.764
6485,848.5,1864000.0
6486,848.6,2181000.0
6487,848.7,2548712.132
6488,848.8,2974000.0
6489,848.9,3464000.0
6490,849.0,4027689.285
6491,849.1,4675000.0
6492,849.2,5416000.0
6493,849.3,6261096.788
6494,849.4,7222000.0
6495,849.5,8312000.0
6496,849.6,9547685.938
6497,849.7,10939999.999
6498,849.8,12499999.999
6499,849.9,14246285.256
6500,850.0,16199999.999
6501,850.1,18380589.539
6502,850.2,20799999.999
6503,850.3,23469999.999
6504,850.4,26409435.198
6505,850.5,29639999.999
6506,850.6,33179999.999
6507,850.7,37035656.045
6508,850.8,41219999.998
6509,850.9,45749999.998
6510,851.0,50643233.525
6511,851.1,55899999.998
6512,851.2,61519999.998
6513,851.3,67514463.61
6514,851.4,73879999.998
6515,851.5,80609999.997
6516,851.6,87700952.469
6517,851.7,95139999.997
6518,851.8,102899999.997
6519,851.9,110935299.691
6520,852.0,119299999.997
6521,852.1,127999999.997
6522,852.2,136819942.783
6523,852.3,145799999.997
6524,852.4,154999999.997
6525,852.5,164261313.489
6526,852.6,173499999.997
6527,852.7,182699999.997
6528,852.8,191917916.349
6529,852.9,200999999.997
6530,853.0,209799999.997
6531,853.1,218391389.973
6532,853.2,226699999.997
6533,853.3,234599999.997
6534,853.4,241998628.27
6535,853.5,248899999.998
6536,853.6,255299999.998
6537,853.7,261087348.254
6538,853.8,266199999.998
6539,853.9,270599999.998
6540,854.0,274255269.692
6541,854.1,277099999.999
6542,854.2,279099999.999
6543,854.3,280344331.987
6544,854.4,280800000.0
6545,854.5,280400000.0
6546,854.6,279119376.116
6547,854.7,277000000.001
6548,854.8,274100000.001
6549,854.9,270468497.808
6550,855.0,266100000.002
6551,855.1,260990775.888
6552,855.2,255200000.002
6553,855.3,248800000.002
6554,855.4,241850574.041
6555,855.5,234400000.003
6556,855.6,226500000.003
6557,855.7,218218121.709
6558,855.8,209600000.003
6559,855.9,200700000.003
6560,856.0,191617812.41
6561,856.1,182400000.003
6562,856.2,173100000.003
6563,856.3,163832970.595
6564,856.4,154600000.003
6565,856.5,145400000.003
6566,856.6,136343231.768
6567,856.7,127500000.003
6568,856.8,118900000.003
6569,856.9,110512121.768
6570,857.0,102400000.003
6571,857.1,94630000.003
6572,857.2,87179655.596
6573,857.3,80070000.003
6574,857.4,73330000.002
6575,857.5,66955039.94
6576,857.6,60950000.002
6577,857.7,55320000.002
6578,857.8,50055963.44
6579,857.9,45160000.002
6580,858.0,40630000.002
6581,858.1,36438643.36
6582,858.2,32580000.001
6583,858.3,29050000.001
6584,858.4,25825508.622
6585,858.5,22890000.001
6586,858.6,20230000.001
6587,858.7,17830490.262
6588,858.8,15670000.001
6589,858.9,13730000.001
6590,859.0,12004590.421
6591,859.1,10470000.001
6592,859.2,9103000.0
6593,859.3,7900536.26
6594,859.4,6848000.0
6595,859.5,5928000.0
6596,859.6,5129471.608
6597,859.7,4442000.0
6598,859.8,3855000.0
6599,859.9,3358648.657
6600,860.0,2945000.0
6601,860.1,2606954.559
6602,860.2,2339000.0
6603,860.3,2136000.0
6604,860.4,1993239.49
6605,860.5,1908000.0
6606,860.6,1878000.0
6607,860.7,1901257.543
6608,860.8,1978000.0
6609,860.9,2109000.0
6610,861.0,2295252.421
6611,861.1,2539000.0
6612,861.2,2843000.0
6613,861.3,3210904.989
6614,861.4,3647000.0
6615,861.5,4156000.0
6616,861.6,4743899.911
6617,861.7,5417000.0
6618,861.8,6182000.0
6619,861.9,7046918.629
6620,862.0,8019000.0
6621,862.1,9106000.0
6622,862.2,10317713.847
6623,862.3,11659999.999
6624,862.4,13139999.999
6625,862.5,14771771.011
6626,862.6,16559999.999
6627,862.7,18509999.999
6628,862.8,20636736.825
6629,862.9,22939999.999
6630,863.0,25419999.999
6631,863.1,28092649.786
6632,863.2,30959999.999
6633,863.3,34019999.999
6634,863.4,37273084.875
6635,863.5,40719999.999
6636,863.6,44359999.999
6637,863.7,48186415.791
6638,863.8,52189999.998
6639,863.9,56359999.998
6640,864.0,60682609.906
6641,864.1,65149999.998
6642,864.2,69749999.998
6643,864.3,74451537.781
6644,864.4,79239999.998
6645,864.5,84099999.998
6646,864.6,88994975.727
6647,864.7,93899999.998
6648,864.8,98789999.998
6649,864.9,103628086.008
6650,865.0,108399999.998
6651,865.1,113083860.418
6652,865.2,117599999.998
6653,865.3,121899999.998
6654,865.4,126063881.436
6655,865.5,129999999.999
6656,865.6,133599999.999
6657,865.7,136893801.857
6658,865.8,139899999.999
6659,865.9,142599999.999
6660,866.0,144902547.37
6661,866.1,146799999.999
6662,866.2,148300000.0
6663,866.3,149370682.384
6664,866.4,150000000.0
6665,866.5,150200000.0
6666,866.6,150018029.593
6667,866.7,149400000.0
6668,866.8,148300000.0
6669,866.9,146796276.298
6670,867.0,144900000.001
6671,867.1,142600000.001
6672,867.2,139911753.024
6673,867.3,136900000.001
6674,867.4,133600000.001
6675,867.5,129935895.561
6676,867.6,126000000.002
6677,867.7,121900000.002
6678,867.8,117607128.151
6679,867.9,113100000.002
6680,868.0,108400000.002
6681,868.1,103623340.762
6682,868.2,98790000.002
6683,868.3,93900000.002
6684,868.4,88994653.64
6685,868.5,84100000.002
6686,868.6,79240000.002
6687,868.7,74451290.634
6688,868.8,69750000.002
6689,868.9,65150000.002
6690,869.0,60677851.161
6691,869.1,56350000.002
6692,869.2,52180000.002
6693,869.3,48181652.346
6694,869.4,44360000.001
6695,869.5,40720000.001
6696,869.6,37272760.177
6697,869.7,34020000.001
6698,869.8,30960000.001
6699,869.9,28089880.375
6700,870.0,25410000.001
6701,870.1,22920889.194
6702,870.2,20620000.001
6703,870.3,18500000.001
6704,870.4,16543111.595
6705,870.5,14750000.001
6706,870.6,13120000.001
6707,870.7,11631090.517
6708,870.8,10280000.0
6709,870.9,9065000.0
6710,871.0,7968541.409
6711,871.1,6983000.0
6712,871.2,6103000.0
6713,871.3,5318301.311
6714,871.4,4621000.0
6715,871.5,4004000.0
6716,871.6,3459753.903
6717,871.7,2981000.0
6718,871.8,2561000.0
6719,871.9,2194384.19
6720,872.0,1875000.0
6721,872.1,1597000.0
6722,872.2,1356701.034
6723,872.3,1150000.0
6724,872.4,972500.0
6725,872.5,819994.33
6726,872.6,689600.0
6727,872.7,578700.0
6728,872.8,484523.58
6729,872.9,404800.0
6730,873.0,337500.0
6731,873.1,280971.163
6732,873.2,233600.0
6733,873.3,193900.0
6734,873.4,160891.947
6735,873.5,133500.0
6736,873.6,110700.0
6737,873.7,91880.267
6738,873.8,76410.0
6739,873.9,63670.0
6740,874.0,53220.942
6741,874.1,44680.0
6742,874.2,37690.0
6743,874.3,31988.08
6744,874.4,27350.0
6745,874.5,23570.0
6746,874.6,20499.293
6747,874.7,18000.0
6748,874.8,15950.0
6749,874.9,14285.96
6750,875.0,12930.0
6751,875.1,11806.49
6752,875.2,10880.0
6753,875.3,10120.0
6754,875.4,9482.384
6755,875.5,8946.0
6756,875.6,8496.0
6757,875.7,8115.842
6758,875.8,7793.0
6759,875.9,7517.0
6760,876.0,7281.049
6761,876.1,7080.0
6762,876.2,6909.0
6763,876.3,6763.91
6764,876.4,6642.0
6765,876.5,6541.0
6766,876.6,6459.179
6767,876.7,6395.0
6768,876.8,6347.0
6769,876.9,6313.993
6770,877.0,6295.0
6771,877.1,6289.0
6772,877.2,6294.705
6773,877.3,6311.0
6774,877.4,6337.0
6775,877.5,6372.309
6776,877.6,6416.0
6777,877.7,6467.0
6778,877.8,6524.464
6779,877.9,6588.0
6780,878.0,6657.0
6781,878.1,6729.884
6782,878.2,6806.0
6783,878.3,6885.0
6784,878.4,6966.489
6785,878.5,7050.0
6786,878.6,7135.0
6787,878.7,7220.824
6788,878.8,7307.0
6789,878.9,7393.0
6790,879.0,7478.039
6791,879.1,7562.0
6792,879.2,7645.0
6793,879.3,7727.025
6794,879.4,7807.0
6795,879.5,7884.0
6796,879.6,7958.478
6797,879.7,8030.0
6798,879.8,8098.0
6799,879.9,8162.503
6800,880.0,8223.0
6801,880.1,8278.897
6802,880.2,8330.0
6803,880.3,8376.0
6804,880.4,8416.008
6805,880.5,8450.0
6806,880.6,8478.0
6807,880.7,8499.229
6808,880.8,8513.0
6809,880.9,8519.0
6810,881.0,8517.789
6811,881.1,8509.0
6812,881.2,8492.0
6813,881.3,8466.371
6814,881.4,8432.0
6815,881.5,8389.0
6816,881.6,8337.966
6817,881.7,8279.0
6818,881.8,8212.0
6819,881.9,8136.97
6820,882.0,8055.0
6821,882.1,7967.0
6822,882.2,7872.573
6823,882.3,7773.0
6824,882.4,7670.0
6825,882.5,7564.794
6826,882.6,7458.0
6827,882.7,7351.0
6828,882.8,7247.851
6829,882.9,7150.0
6830,883.0,7059.0
6831,883.1,6979.653
6832,883.2,6915.0
6833,883.3,6868.0
6834,883.4,6843.89
6835,883.5,6848.0
6836,883.6,6886.0
6837,883.7,6965.274
6838,883.8,7093.0
6839,883.9,7277.0
6840,884.0,7528.1
6841,884.1,7857.0
6842,884.2,8275.0
6843,884.3,8796.529
6844,884.4,9436.0
6845,884.5,10210.0
6846,884.6,11142.343
6847,884.7,12250.0
6848,884.8,13550.0
6849,884.9,15069.414
6850,885.0,16840.0
6851,885.1,18893.592
6852,885.2,21260.0
6853,885.3,23970.0
6854,885.4,27060.392
6855,885.5,30570.0
6856,885.6,34540.0
6857,885.7,39017.477
6858,885.8,44040.0
6859,885.9,49650.0
6860,886.0,55913.008
6861,886.1,62870.0
6862,886.2,70560.0
6863,886.3,79041.654
6864,886.4,88360.0
6865,886.5,98560.0
6866,886.6,109697.623
6867,886.7,121800.0
6868,886.8,134900.0
6869,886.9,149066.496
6870,887.0,164300.0
6871,887.1,180600.0
6872,887.2,198028.071
6873,887.3,216600.0
6874,887.4,236300.0
6875,887.5,257068.598
6876,887.6,278900.0
6877,887.7,301800.0
6878,887.8,325735.198
6879,887.9,350600.0
6880,888.0,376300.0
6881,888.1,402826.977
6882,888.2,430100.0
6883,888.3,458000.0
6884,888.4,486357.939
6885,888.5,515000.0
6886,888.6,543800.0
6887,888.7,572746.071
6888,888.8,601600.0
6889,888.9,630100.0
6890,889.0,658143.67
6891,889.1,685600.0
6892,889.2,712300.0
6893,889.3,738005.811
6894,889.4,762500.0
6895,889.5,785600.0
6896,889.6,807208.897
6897,889.7,827200.0
6898,889.8,845400.0
6899,889.9,861557.097
6900,890.0,875600.0
6901,890.1,887489.343
6902,890.2,897100.0
6903,890.3,904300.0
6904,890.4,909029.725
6905,890.5,911300.0
6906,890.6,911100.0
6907,890.7,908333.897
6908,890.8,903100.0
6909,890.9,895500.0
6910,891.0,885483.18
6911,891.1,873200.0
6912,891.2,858800.0
6913,891.3,842242.9
6914,891.4,823700.0
6915,891.5,803400.0
6916,891.6,781506.777
6917,891.7,758100.0
6918,891.8,733300.0
6919,891.9,707412.142
6920,892.0,680600.0
6921,892.1,653000.0
6922,892.2,624818.93
6923,892.3,596200.0
6924,892.4,567300.0
6925,892.5,538368.767
6926,892.6,509500.0
6927,892.7,480800.0
6928,892.8,452546.963
6929,892.9,424800.0
6930,893.0,397600.0
6931,893.1,371146.665
6932,893.2,345500.0
6933,893.3,320700.0
6934,893.4,296876.35
6935,893.5,274100.0
6936,893.6,252400.0
6937,893.7,231749.26
6938,893.8,212200.0
6939,893.9,193800.0
6940,894.0,176499.675
6941,894.1,160300.0
6942,894.2,145200.0
6943,894.3,131133.195
6944,894.4,118100.0
6945,894.5,106100.0
6946,894.6,95054.848
6947,894.7,84920.0
6948,894.8,75660.0
6949,894.9,67221.956
6950,895.0,59560.0
6951,895.1,52629.672
6952,895.2,46380.0
6953,895.3,40760.0
6954,895.4,35724.826
6955,895.5,31230.0
6956,895.6,27230.0
6957,895.7,23677.639
6958,895.8,20530.0
6959,895.9,17750.0
6960,896.0,15313.571
6961,896.1,13180.0
6962,896.2,11310.0
6963,896.3,9686.582
6964,896.4,8281.0
6965,896.5,7063.0
6966,896.6,6013.826
6967,896.7,5114.0
6968,896.8,4344.0
6969,896.9,3688.228
6970,897.0,3133.0
6971,897.1,2665.0
6972,897.2,2272.08
6973,897.3,1945.0
6974,897.4,1675.0
6975,897.5,1453.132
6976,897.6,1273.0
6977,897.7,1129.0
6978,897.8,1016.057
6979,897.9,929.7
6980,898.0,865.8
6981,898.1,821.146
6982,898.2,793.0
6983,898.3,778.8
6984,898.4,776.488
6985,898.5,784.3
6986,898.6,800.6
6987,898.7,824.091
6988,898.8,853.6
6989,898.9,888.0
6990,899.0,926.399
6991,899.1,968.3
6992,899.2,1013.0
6993,899.3,1058.991
6994,899.4,1106.0
6995,899.5,1154.0
6996,899.6,1202.479
6997,899.7,1251.0
6998,899.8,1299.0
6999,899.9,1345.437
7000,900.0,1390.0
7001,900.1,1432.586
7002,900.2,1473.0
7003,900.3,1511.0
7004,900.4,1546.196
7005,900.5,1578.0
7006,900.6,1606.0
7007,900.7,1630.585
7008,900.8,1652.0
7009,900.9,1670.0
7010,901.0,1683.242
7011,901.1,1692.0
7012,901.2,1697.0
7013,901.3,1698.54
7014,901.4,1696.0
7015,901.5,1689.0
7016,901.6,1678.622
7017,901.7,1665.0
7018,901.8,1648.0
7019,901.9,1627.848
7020,902.0,1605.0
7021,902.1,1580.0
7022,902.2,1553.397
7023,902.3,1525.0
7024,902.4,1495.0
7025,902.5,1465.18
7026,902.6,1435.0
7027,902.7,1404.0
7028,902.8,1374.266
7029,902.9,1346.0
7030,903.0,1319.0
7031,903.1,1294.075
7032,903.2,1272.0
7033,903.3,1253.0
7034,903.4,1236.14
7035,903.5,1223.0
7036,903.6,1215.0
7037,903.7,1210.597
7038,903.8,1210.0
7039,903.9,1214.0
7040,904.0,1222.987
7041,904.1,1237.0
7042,904.2,1256.0
7043,904.3,1279.959
7044,904.4,1309.0
7045,904.5,1343.0
7046,904.6,1381.13
7047,904.7,1424.0
7048,904.8,1472.0
7049,904.9,1523.431
7050,905.0,1578.0
7051,905.1,1635.873
7052,905.2,1697.0
7053,905.3,1761.0
7054,905.4,1826.591
7055,905.5,1893.0
7056,905.6,1960.0
7057,905.7,2028.165
7058,905.8,2096.0
7059,905.9,2162.0
7060,906.0,2226.723
7061,906.1,2290.0
7062,906.2,2351.0
7063,906.3,2408.046
7064,906.4,2461.0
7065,906.5,2510.0
7066,906.6,2554.489
7067,906.7,2594.0
7068,906.8,2628.0
7069,906.9,2655.657
7070,907.0,2677.0
7071,907.1,2692.0
7072,907.2,2699.821
7073,907.3,2701.0
7074,907.4,2696.0
7075,907.5,2683.822
7076,907.6,2665.0
7077,907.7,2640.0
7078,907.8,2607.67
7079,907.9,2569.0
7080,908.0,2525.0
7081,908.1,2474.695
7082,908.2,2419.0
7083,908.3,2359.0
7084,908.4,2294.231
7085,908.5,2225.0
7086,908.6,2152.0
7087,908.7,2076.132
7088,908.8,1998.0
7089,908.9,1918.0
7090,909.0,1836.191
7091,909.1,1753.0
7092,909.2,1669.0
7093,909.3,1584.832
7094,909.4,1501.0
7095,909.5,1418.0
7096,909.6,1336.329
7097,909.7,1256.0
7098,909.8,1177.0
7099,909.9,1099.765
7100,910.0,1025.0
7101,910.1,953.254
7102,910.2,884.3
7103,910.3,817.9
7104,910.4,754.448
7105,910.5,694.1
7106,910.6,636.9
7107,910.7,582.866
7108,910.8,532.0
7109,910.9,484.3
7110,911.0,439.734
7111,911.1,398.2
7112,911.2,359.6
7113,911.3,323.892
7114,911.4,291.0
7115,911.5,260.8
7116,911.6,233.071
7117,911.7,207.7
7118,911.8,184.6
7119,911.9,163.651
7120,912.0,144.7
7121,912.1,127.6
7122,912.2,112.248
7123,912.3,98.49
7124,912.4,86.17
7125,912.5,75.191
7126,912.6,65.44
7127,912.7,56.8
7128,912.8,49.174
7129,912.9,42.46
7130,913.0,36.56
7131,913.1,31.4
7132,913.2,26.9
7133,913.3,22.98
7134,913.4,19.58
7135,913.5,16.64
7136,913.6,14.1
7137,913.7,11.918
7138,913.8,10.05
7139,913.9,8.453
7140,914.0,7.089
7141,914.1,5.93
7142,914.2,4.947
7143,914.3,4.115
7144,914.4,3.415
7145,914.5,2.827
7146,914.6,2.334
7147,914.7,1.921
7148,914.8,1.577
7149,914.9,1.291
7150,915.0,1.055
7151,915.1,0.859
7152,915.2,0.698
7153,915.3,0.566
7154,915.4,0.457
7155,915.5,0.369
7156,915.6,0.296
7157,915.7,0.237
7158,915.8,0.19
7159,915.9,0.152
7160,916.0,0.12
7161,916.1,0.096
7162,916.2,0.076
7163,916.3,0.06
7164,916.4,0.047
7165,916.5,0.037
7166,916.6,0.029
7167,916.7,0.023
7168,916.8,0.018
7169,916.9,0.014
7170,917.0,0.011
7171,917.1,0.008
7172,917.2,0.006
7173,917.3,0.005
7174,917.4,0.004
7175,917.5,0.003
7176,917.6,0.002
7177,917.7,0.002
7178,917.8,0.001
7179,917.9,0.001
7180,918.0,0.001
7181,918.1,0.001
7182,918.2,0.0
7183,918.3,0.0
7184,918.4,0.0
7185,918.5,0.0
7186,918.6,0.0
7187,918.7,0.0
7188,918.8,0.0
7189,918.9,0.0
7190,919.0,0.0
7191,919.1,0.0
7192,919.2,0.0
7193,919.3,0.0
7194,919.4,0.0
7195,919.5,0.0
7196,919.6,0.0
7197,919.7,0.0
7198,919.8,0.0
7199,919.9,0.0
7200,920.0,0.0
7201,920.1,0.0
7202,920.2,0.0
7203,920.3,0.0
7204,920.4,0.0
7205,920.5,0.0
7206,920.6,0.0
7207,920.7,0.0
7208,920.8,0.0
7209,920.9,0.0
7210,921.0,0.0
7211,921.1,0.0
7212,921.2,0.0
7213,921.3,0.0
7214,921.4,0.0
7215,921.5,0.0
7216,921.6,0.0
7217,921.7,0.0
7218,921.8,0.0
7219,921.9,0.0
7220,922.0,0.0
7221,922.1,0.0
7222,922.2,0.0
7223,922.3,0.0
7224,922.4,0.0
7225,922.5,0.0
7226,922.6,0.0
7227,922.7,0.0
7228,922.8,0.0
7229,922.9,0.0
7230,923.0,0.0
7231,923.1,0.0
7232,923.2,0.0
7233,923.3,0.0
7234,923.4,0.0
7235,923.5,0.0
7236,923.6,0.0
7237,923.7,0.0
7238,923.8,0.0
7239,923.9,0.0
7240,924.0,0.0
7241,924.1,0.0
7242,924.2,0.0
7243,924.3,0.0
7244,924.4,0.0
7245,924.5,0.0
7246,924.6,0.0
7247,924.7,0.0
7248,924.8,0.0
7249,924.9,0.0
7250,925.0,0.0
7251,925.1,0.0
7252,925.2,0.0
7253,925.3,0.0
7254,925.4,0.0
7255,925.5,0.0
7256,925.6,0.0
7257,925.7,0.0
7258,925.8,0.0
7259,925.9,0.0
7260,926.0,0.0
7261,926.1,0.0
7262,926.2,0.0
7263,926.3,0.0
7264,926.4,0.0
7265,926.5,0.0
7266,926.6,0.0
7267,926.7,0.0
7268,926.8,0.0
7269,926.9,0.0
7270,927.0,0.0
7271,927.1,0.0
7272,927.2,0.0
7273,927.3,0.0
7274,927.4,0.0
7275,927.5,0.0
7276,927.6,0.0
7277,927.7,0.0
7278,927.8,0.0
7279,927.9,0.0
7280,928.0,0.0
7281,928.1,0.0
7282,928.2,0.0
7283,928.3,0.0
7284,928.4,0.0
7285,928.5,0.0
7286,928.6,0.0
7287,928.7,0.0
7288,928.8,0.0
7289,928.9,0.0
7290,929.0,0.0
7291,929.1,0.0
7292,929.2,0.0
7293,929.3,0.0
7294,929.4,0.0
7295,929.5,0.0
7296,929.6,0.0
7297,929.7,0.0
7298,929.8,0.0
7299,929.9,0.0
7300,930.0,0.0
7301,930.1,0.0
7302,930.2,0.0
7303,930.3,0.0
7304,930.4,0.0
7305,930.5,0.0
7306,930.6,0.0
7307,930.7,0.0
7308,930.8,0.0
7309,930.9,0.0
7310,931.0,0.0
7311,931.1,0.0
7312,931.2,0.0
7313,931.3,0.0
7314,931.4,0.0
7315,931.5,0.0
7316,931.6,0.0
7317,931.7,0.0
7318,931.8,0.0
7319,931.9,0.0
7320,932.0,0.0
7321,932.1,0.0
7322,932.2,0.0
7323,932.3,0.0
7324,932.4,0.0
7325,932.5,0.0
7326,932.6,0.0
7327,932.7,0.0
7328,932.8,0.0
7329,932.9,0.0
7330,933.0,0.0
7331,933.1,0.0
7332,933.2,0.0
7333,933.3,0.0
7334,933.4,0.0
7335,933.5,0.0
7336,933.6,0.0
7337,933.7,0.0
7338,933.8,0.0
7339,933.9,0.0
7340,934.0,0.0
7341,934.1,0.0
7342,934.2,0.0
7343,934.3,0.0
7344,934.4,0.0
7345,934.5,0.0
7346,934.6,0.0
7347,934.7,0.0
7348,934.8,0.0
7349,934.9,0.0
7350,935.0,0.0
7351,935.1,0.0
7352,935.2,0.0
7353,935.3,0.0
7354,935.4,0.0
7355,935.5,0.0
7356,935.6,0.0
7357,935.7,0.0
7358,935.8,0.0
7359,935.9,0.0
7360,936.0,0.0
7361,936.1,0.0
7362,936.2,0.0
7363,936.3,0.0
7364,936.4,0.0
7365,936.5,0.0
7366,936.6,0.0
7367,936.7,0.0
7368,936.8,0.0
7369,936.9,0.0
7370,937.0,0.0
7371,937.1,0.0
7372,937.2,0.0
7373,937.3,0.0
7374,937.4,0.0
7375,937.5,0.0
7376,937.6,0.0
7377,937.7,0.0
7378,937.8,0.0
7379,937.9,0.0
7380,938.0,0.0
7381,938.1,0.0
7382,938.2,0.0
7383,938.3,0.0
7384,938.4,0.0
7385,938.5,0.0
7386,938.6,0.0
7387,938.7,0.0
7388,938.8,0.0
7389,938.9,0.0
7390,939.0,0.0
7391,939.1,0.0
7392,939.2,0.0
7393,939.3,0.0
7394,939.4,0.0
7395,939.5,0.0
7396,939.6,0.0
7397,939.7,0.0
7398,939.8,0.0
7399,939.9,0.0
7400,940.0,0.0
7401,940.1,0.0
7402,940.2,0.0
7403,940.3,0.0
7404,940.4,0.0
7405,940.5,0.0
7406,940.6,0.0
7407,940.7,0.0
7408,940.8,0.0
7409,940.9,0.0
7410,941.0,0.0
7411,941.1,0.0
7412,941.2,0.0
7413,941.3,0.0
7414,941.4,0.0
7415,941.5,0.0
7416,941.6,0.0
7417,941.7,0.0
7418,941.8,0.0
7419,941.9,0.0
7420,942.0,0.0
7421,942.1,0.0
7422,942.2,0.0
7423,942.3,0.0
7424,942.4,0.0
7425,942.5,0.0
7426,942.6,0.0
7427,942.7,0.0
7428,942.8,0.0
7429,942.9,0.0
7430,943.0,0.0
7431,943.1,0.0
7432,943.2,0.0
7433,943.3,0.0
7434,943.4,0.0
7435,943.5,0.0
7436,943.6,0.0
7437,943.7,0.0
7438,943.8,0.0
7439,943.9,0.0
7440,944.0,0.0
7441,944.1,0.0
7442,944.2,0.0
7443,944.3,0.0
7444,944.4,0.0
7445,944.5,0.0
7446,944.6,0.0
7447,944.7,0.0
7448,944.8,0.0
7449,944.9,0.0
7450,945.0,0.0
7451,945.1,0.0
7452,945.2,0.0
7453,945.3,0.0
7454,945.4,0.0
7455,945.5,0.0
7456,945.6,0.0
7457,945.7,0.0
7458,945.8,0.0
7459,945.9,0.0
7460,946.0,0.0
7461,946.1,0.0
7462,946.2,0.0
7463,946.3,0.001
7464,946.4,0.001
7465,946.5,0.001
7466,946.6,0.001
7467,946.7,0.002
7468,946.8,0.002
7469,946.9,0.003
7470,947.0,0.005
7471,947.1,0.006
7472,947.2,0.008
7473,947.3,0.011
7474,947.4,0.015
7475,947.5,0.02
7476,947.6,0.027
7477,947.7,0.036
7478,947.8,0.049
7479,947.9,0.064
7480,948.0,0.085
7481,948.1,0.113
7482,948.2,0.149
7483,948.3,0.196
7484,948.4,0.257
7485,948.5,0.337
7486,948.6,0.44
7487,948.7,0.574
7488,948.8,0.746
7489,948.9,0.968
7490,949.0,1.252
7491,949.1,1.617
7492,949.2,2.083
7493,949.3,2.676
7494,949.4,3.432
7495,949.5,4.389
7496,949.6,5.6
7497,949.7,7.13
7498,949.8,9.054
7499,949.9,11.47
7500,950.0,14.5
7501,950.1,18.28
7502,950.2,23.0
7503,950.3,28.87
7504,950.4,36.148
7505,950.5,45.16
7506,950.6,56.27
7507,950.7,69.948
7508,950.8,86.78
7509,950.9,107.4
7510,951.0,132.587
7511,951.1,163.3
7512,951.2,200.6
7513,951.3,245.851
7514,951.4,300.7
7515,951.5,366.9
7516,951.6,446.546
7517,951.7,542.3
7518,951.8,657.0
7519,951.9,793.924
7520,952.0,957.4
7521,952.1,1152.0
7522,952.2,1382.558
7523,952.3,1655.0
7524,952.4,1976.0
7525,952.5,2354.204
7526,952.6,2799.0
7527,952.7,3320.0
7528,952.8,3928.1
7529,952.9,4637.0
7530,953.0,5461.0
7531,953.1,6415.226
7532,953.2,7519.0
7533,953.3,8793.0
7534,953.4,10259.154
7535,953.5,11940.0
7536,953.6,13860.0
7537,953.7,16051.407
7538,953.8,18550.0
7539,953.9,21390.0
7540,954.0,24601.775
7541,954.1,28230.0
7542,954.2,32320.0
7543,954.3,36908.604
7544,954.4,42050.0
7545,954.5,47800.0
7546,954.6,54204.089
7547,954.7,61320.0
7548,954.8,69210.0
7549,954.9,77936.022
7550,955.0,87550.0
7551,955.1,98108.852
7552,955.2,109700.0
7553,955.3,122400.0
7554,955.4,136221.632
7555,955.5,151200.0
7556,955.6,167400.0
7557,955.7,184945.19
7558,955.8,203900.0
7559,955.9,224300.0
7560,956.0,246141.317
7561,956.1,269400.0
7562,956.2,294100.0
7563,956.3,320407.731
7564,956.4,348300.0
7565,956.5,377700.0
7566,956.6,408566.015
7567,956.7,440900.0
7568,956.8,474700.0
7569,956.9,509902.998
7570,957.0,546400.0
7571,957.1,584100.0
7572,957.2,622980.454
7573,957.3,662900.0
7574,957.4,703700.0
7575,957.5,745269.035
7576,957.6,787400.0
7577,957.7,829900.0
7578,957.8,872702.097
7579,957.9,915600.0
7580,958.0,958300.0
7581,958.1,1000438.463
7582,958.2,1042000.0
7583,958.3,1083000.0
7584,958.4,1123156.584
7585,958.5,1162000.0
7586,958.6,1199000.0
7587,958.7,1233776.092
7588,958.8,1267000.0
7589,958.9,1299000.0
7590,959.0,1328122.839
7591,959.1,1354000.0
7592,959.2,1377000.0
7593,959.3,1398002.92
7594,959.4,1416000.0
7595,959.5,1430000.0
7596,959.6,1440922.419
7597,959.7,1449000.0
7598,959.8,1454000.0
7599,959.9,1455294.571
7600,960.0,1453000.0
7601,960.1,1447331.391
7602,960.2,1438000.0
7603,960.3,1425000.0
7604,960.4,1409470.847
7605,960.5,1391000.0
7606,960.6,1369000.0
7607,960.7,1344091.739
7608,960.8,1317000.0
7609,960.9,1288000.0
7610,961.0,1256201.1
7611,961.1,1222000.0
7612,961.2,1186000.0
7613,961.3,1148150.318
7614,961.4,1109000.0
7615,961.5,1069000.0
7616,961.6,1027691.324
7617,961.7,985500.0
7618,961.8,943000.0
7619,961.9,900240.206
7620,962.0,857400.0
7621,962.1,814700.0
7622,962.2,772269.37
7623,962.3,730300.0
7624,962.4,689000.0
7625,962.5,648535.032
7626,962.6,609000.0
7627,962.7,570500.0
7628,962.8,533211.133
7629,962.9,497200.0
7630,963.0,462500.0
7631,963.1,429162.523
7632,963.2,397300.0
7633,963.3,367000.0
7634,963.4,338207.974
7635,963.5,310900.0
7636,963.6,285100.0
7637,963.7,260898.571
7638,963.8,238200.0
7639,963.9,216900.0
7640,964.0,197044.881
7641,964.1,178600.0
7642,964.2,161500.0
7643,964.3,145684.579
7644,964.4,131100.0
7645,964.5,117700.0
7646,964.6,105447.35
7647,964.7,94250.0
7648,964.8,84020.0
7649,964.9,74731.849
7650,965.0,66320.0
7651,965.1,58709.858
7652,965.2,51850.0
7653,965.3,45690.0
7654,965.4,40164.449
7655,965.5,35220.0
7656,965.6,30810.0
7657,965.7,26894.109
7658,965.8,23420.0
7659,965.9,20340.0
7660,966.0,17631.741
7661,966.1,15250.0
7662,966.2,13150.0
7663,966.3,11314.884
7664,966.4,9716.0
7665,966.5,8322.0
7666,966.6,7110.707
7667,966.7,6062.0
7668,966.8,5156.0
7669,966.9,4374.695
7670,967.0,3703.0
7671,967.1,3127.0
7672,967.2,2634.812
7673,967.3,2215.0
7674,967.4,1857.0
7675,967.5,1553.519
7676,967.6,1297.0
7677,967.7,1080.0
7678,967.8,896.868
7679,967.9,743.1
7680,968.0,614.4
7681,968.1,506.755
7682,968.2,417.0
7683,968.3,342.3
7684,968.4,280.345
7685,968.5,229.1
7686,968.6,186.7
7687,968.7,151.808
7688,968.8,123.2
7689,968.9,99.72
7690,969.0,80.511
7691,969.1,64.87
7692,969.2,52.14
7693,969.3,41.799
7694,969.4,33.44
7695,969.5,26.69
7696,969.6,21.249
7697,969.7,16.88
7698,969.8,13.37
7699,969.9,10.568
7700,970.0,8.341
7701,970.1,6.565
7702,970.2,5.155
7703,970.3,4.04
7704,970.4,3.16
7705,970.5,2.468
7706,970.6,1.924
7707,970.7,1.499
7708,970.8,1.17
7709,970.9,0.914
7710,971.0,0.717
7711,971.1,0.568
7712,971.2,0.456
7713,971.3,0.373
7714,971.4,0.315
7715,971.5,0.277
7716,971.6,0.255
7717,971.7,0.249
7718,971.8,0.254
7719,971.9,0.272
7720,972.0,0.302
7721,972.1,0.344
7722,972.2,0.399
7723,972.3,0.467
7724,972.4,0.55
7725,972.5,0.651
7726,972.6,0.771
7727,972.7,0.913
7728,972.8,1.08
7729,972.9,1.276
7730,973.0,1.506
7731,973.1,1.774
7732,973.2,2.085
7733,973.3,2.446
7734,973.4,2.864
7735,973.5,3.346
7736,973.6,3.901
7737,973.7,4.539
7738,973.8,5.272
7739,973.9,6.111
7740,974.0,7.069
7741,974.1,8.161
7742,974.2,9.404
7743,974.3,10.818
7744,974.4,12.42
7745,974.5,14.23
7746,974.6,16.287
7747,974.7,18.61
7748,974.8,21.22
7749,974.9,24.166
7750,975.0,27.49
7751,975.1,31.234
7752,975.2,35.44
7753,975.3,40.16
7754,975.4,45.477
7755,975.5,51.46
7756,975.6,58.18
7757,975.7,65.749
7758,975.8,74.28
7759,975.9,83.89
7760,976.0,94.732
7761,976.1,107.0
7762,976.2,120.9
7763,976.3,136.671
7764,976.4,154.6
7765,976.5,175.0
7766,976.6,198.269
7767,976.7,224.9
7768,976.8,255.4
7769,976.9,290.326
7770,977.0,330.5
7771,977.1,376.8
7772,977.2,430.136
7773,977.3,491.7
7774,977.4,562.8
7775,977.5,644.987
7776,977.6,740.2
7777,977.7,850.4
7778,977.8,977.602
7779,977.9,1125.0
7780,978.0,1296.0
7781,978.1,1493.763
7782,978.2,1722.0
7783,978.3,1985.0
7784,978.4,2288.654
7785,978.5,2639.0
7786,978.6,3042.0
7787,978.7,3504.131
7788,978.8,4034.0
7789,978.9,4641.0
7790,979.0,5335.38
7791,979.1,6127.0
7792,979.2,7027.0
7793,979.3,8051.001
7794,979.4,9211.0
7795,979.5,10520.0
7796,979.6,11999.389
7797,979.7,13670.0
7798,979.8,15550.0
7799,979.9,17652.531
7800,980.0,20000.0
7801,980.1,22618.795
7802,980.2,25540.0
7803,980.3,28790.0
7804,980.4,32378.922
7805,980.5,36340.0
7806,980.6,40710.0
7807,980.7,45513.249
7808,980.8,50780.0
7809,980.9,56540.0
7810,981.0,62815.187
7811,981.1,69640.0
7812,981.2,77050.0
7813,981.3,85068.4
7814,981.4,93710.0
7815,981.5,103000.0
7816,981.6,112995.013
7817,981.7,123700.0
7818,981.8,135100.0
7819,981.9,147181.808
7820,982.0,160000.0
7821,982.1,173600.0
7822,982.2,187935.518
7823,982.3,203000.0
7824,982.4,218800.0
7825,982.5,235318.725
7826,982.6,252500.0
7827,982.7,270300.0
7828,982.8,288742.222
7829,982.9,307800.0
7830,983.0,327400.0
7831,983.1,347398.217
7832,983.2,367800.0
7833,983.3,388600.0
7834,983.4,409617.64
7835,983.5,430800.0
7836,983.6,452100.0
7837,983.7,473350.205
7838,983.8,494500.0
7839,983.9,515500.0
7840,984.0,536173.04
7841,984.1,556400.0
7842,984.2,576100.0
7843,984.3,595219.417
7844,984.4,613600.0
7845,984.5,631100.0
7846,984.6,647715.426
7847,984.7,663300.0
7848,984.8,677700.0
7849,984.9,690894.69
7850,985.0,702800.0
7851,985.1,713318.209
7852,985.2,722400.0
7853,985.3,730000.0
7854,985.4,736060.896
7855,985.5,740600.0
7856,985.6,743600.0
7857,985.7,744900.685
7858,985.8,744600.0
7859,985.9,742800.0
7860,986.0,739374.714
7861,986.1,734400.0
7862,986.2,728000.0
7863,986.3,720219.886
7864,986.4,711100.0
7865,986.5,700700.0
7866,986.6,689133.525
7867,986.7,676500.0
7868,986.8,662900.0
7869,986.9,648474.746
7870,987.0,633400.0
7871,987.1,617800.0
7872,987.2,601650.039
7873,987.3,585200.0
7874,987.4,568700.0
7875,987.5,552138.351
7876,987.6,535700.0
7877,987.7,519600.0
7878,987.8,503919.408
7879,987.9,488800.0
7880,988.0,474400.0
7881,988.1,460849.971
7882,988.2,448300.0
7883,988.3,436900.0
7884,988.4,426767.638
7885,988.5,418000.0
7886,988.6,410700.0
7887,988.7,404998.414
7888,988.8,401000.0
7889,988.9,398800.0
7890,989.0,398482.777
7891,989.1,400100.0
7892,989.2,403700.0
7893,989.3,409347.134
7894,989.4,417100.0
7895,989.5,427000.0
7896,989.6,439035.298
7897,989.7,453200.0
7898,989.8,469500.0
7899,989.9,487949.989
7900,990.0,508500.0
7901,990.1,531078.624
7902,990.2,555600.0
7903,990.3,582000.0
7904,990.4,610277.094
7905,990.5,640300.0
7906,990.6,671900.0
7907,990.7,704928.832
7908,990.8,739300.0
7909,990.9,774900.0
7910,991.0,811482.299
7911,991.1,848900.0
7912,991.2,887000.0
7913,991.3,925496.801
7914,991.4,964200.0
7915,991.5,1003000.0
7916,991.6,1041818.124
7917,991.7,1080000.0
7918,991.8,1117000.0
7919,991.9,1153234.116
7920,992.0,1189000.0
7921,992.1,1224000.0
7922,992.2,1256560.677
7923,992.3,1287000.0
7924,992.4,1316000.0
7925,992.5,1343206.381
7926,992.6,1368000.0
7927,992.7,1390000.0
7928,992.8,1409513.234
7929,992.9,1426000.0
7930,993.0,1439000.0
7931,993.1,1449248.742
7932,993.2,1457000.0
7933,993.3,1462000.0
7934,993.4,1463217.265
7935,993.5,1461000.0
7936,993.6,1456000.0
7937,993.7,1448243.871
7938,993.8,1437000.0
7939,993.9,1422000.0
7940,994.0,1404812.739
7941,994.1,1385000.0
7942,994.2,1362000.0
7943,994.3,1336853.59
7944,994.4,1309000.0
7945,994.5,1278000.0
7946,994.6,1245542.913
7947,994.7,1212000.0
7948,994.8,1177000.0
7949,994.9,1139686.561
7950,995.0,1101000.0
7951,995.1,1061977.764
7952,995.2,1022000.0
7953,995.3,980600.0
7954,995.4,939129.252
7955,995.5,897700.0
7956,995.6,856100.0
7957,995.7,814588.137
7958,995.8,773400.0
7959,995.9,732700.0
7960,996.0,692561.878
7961,996.1,653200.0
7962,996.2,614800.0
7963,996.3,577320.964
7964,996.4,540900.0
7965,996.5,505700.0
7966,996.6,471750.566
7967,996.7,439100.0
7968,996.8,407800.0
7969,996.9,377875.316
7970,997.0,349400.0
7971,997.1,322400.0
7972,997.2,296741.824
7973,997.3,272600.0
7974,997.4,249900.0
7975,997.5,227200.0
7976,997.6,202716.352
7977,997.7,174665.408
7978,997.8,141263.521
7979,997.9,100727.041
7980,998.0,51272.322
7981,998.1,0.0
7982,998.2,0.0
7983,998.3,0.0
7984,998.4,0.0
7985,998.5,0.0
7986,998.6,0.0
7987,998.7,0.0
7988,998.8,0.0
7989,998.9,0.0
7990,999.0,0.0
7991,999.1,0.0
7992,999.2,0.0
7993,999.3,0.0
7994,999.4,0.0
7995,999.5,0.0
7996,999.6,0.0
7997,999.7,0.0
7998,999.8,0.0
7999,999.9,0.0
