,wavelength,intensity
0,200.0,0.0
1,200.1,0.0
2,200.2,0.001
3,200.3,0.064
4,200.4,2.723
5,200.5,71.21
6,200.6,1136.0
7,200.7,11060.0
8,200.8,65700.0
9,200.9,238700.0
10,201.0,532300.0
11,201.1,734800.0
12,201.2,640200.0
13,201.3,365700.0
14,201.4,145400.0
15,201.5,42400.0
16,201.6,9068.0
17,201.7,1647.0
18,201.8,19940.0
19,201.9,803200.0
20,202.0,20010000.0
21,202.1,306299999.999
22,202.2,2879999999.993
23,202.3,16639999999.964
24,202.4,59039999999.914
25,202.5,128699999999.902
26,202.6,172399999999.988
27,202.7,141900000000.089
28,202.8,71750000000.113
29,202.9,22280000000.054
30,203.0,4252000000.014
31,203.1,498500000.002
32,203.2,35900000.0
33,203.3,1589000.0
34,203.4,43180.0
35,203.5,721.2
36,203.6,7.399
37,203.7,0.047
38,203.8,0.0
39,203.9,0.001
40,204.0,0.003
41,204.1,0.005
42,204.2,0.006
43,204.3,0.007
44,204.4,0.008
45,204.5,0.008
46,204.6,0.008
47,204.7,0.007
48,204.8,0.005
49,204.9,0.003
50,205.0,0.0
51,205.1,0.001
52,205.2,0.181
53,205.3,21.92
54,205.4,1656.0
55,205.5,78180.0
56,205.6,2307000.0
57,205.7,42530000.0
58,205.8,490199999.996
59,205.9,3529999999.979
60,206.0,15889999999.931
61,206.1,44709999999.878
62,206.2,78639999999.912
63,206.3,86550000000.044
64,206.4,59730000000.133
65,206.5,26000000000.102
66,206.6,7254000000.04
67,206.7,1362000000.009
68,206.8,207700000.001
69,206.9,49570000.0
70,207.0,22670000.0
71,207.1,9186000.0
72,207.2,2459000.0
73,207.3,415800.0
74,207.4,44110.0
75,207.5,2933.0
76,207.6,122.2
77,207.7,3.192
78,207.8,0.052
79,207.9,0.001
80,208.0,0.0
81,208.1,0.0
82,208.2,0.0
83,208.3,0.0
84,208.4,0.0
85,208.5,0.0
86,208.6,0.0
87,208.7,0.0
88,208.8,0.0
89,208.9,0.0
90,209.0,0.008
91,209.1,0.771
92,209.2,47.68
93,209.3,1874.0
94,209.4,46820.0
95,209.5,743400.0
96,209.6,7503000.0
97,209.7,48150000.0
98,209.8,196599999.999
99,209.9,511699999.998
100,210.0,853199999.999
101,210.1,923400000.001
102,210.2,669100000.002
103,210.3,345900000.002
104,210.4,138900000.001
105,210.5,45030000.0
106,210.6,11180000.0
107,210.7,1952000.0
108,210.8,227000.0
109,210.9,21440.0
110,211.0,27320.0
111,211.1,101800.0
112,211.2,251800.0
113,211.3,416700.0
114,211.4,540900.0
115,211.5,779300.0
116,211.6,1293000.0
117,211.7,1778000.0
118,211.8,1853000.0
119,211.9,1863000.0
120,212.0,2289000.0
121,212.1,2628000.0
122,212.2,2144000.0
123,212.3,1145000.0
124,212.4,393600.0
125,212.5,86810.0
126,212.6,12280.0
127,212.7,1113.0
128,212.8,64.77
129,212.9,9.918
130,213.0,520.7
131,213.1,23320.0
132,213.2,674900.0
133,213.3,12610000.0
134,213.4,152299999.997
135,213.5,1187999999.983
136,213.6,5984999999.936
137,213.7,19479999999.856
138,213.8,40939999999.829
139,213.9,55589999999.961
140,214.0,48760000000.136
141,214.1,27630000000.173
142,214.2,10110000000.098
143,214.3,2390000000.033
144,214.4,365000000.006
145,214.5,36010000.001
146,214.6,2294000.0
147,214.7,94440.0
148,214.8,2511.0
149,214.9,43.12
150,215.0,0.478
151,215.1,0.003
152,215.2,0.0
153,215.3,0.0
154,215.4,0.0
155,215.5,0.0
156,215.6,0.0
157,215.7,0.0
158,215.8,0.0
159,215.9,0.0
160,216.0,0.0
161,216.1,0.0
162,216.2,0.0
163,216.3,0.0
164,216.4,0.0
165,216.5,0.0
166,216.6,0.0
167,216.7,0.0
168,216.8,0.0
169,216.9,0.0
170,217.0,0.0
171,217.1,0.0
172,217.2,0.0
173,217.3,0.0
174,217.4,0.0
175,217.5,0.0
176,217.6,0.0
177,217.7,0.0
178,217.8,0.0
179,217.9,0.0
180,218.0,0.0
181,218.1,0.0
182,218.2,0.0
183,218.3,0.0
184,218.4,0.0
185,218.5,0.0
186,218.6,0.0
187,218.7,0.0
188,218.8,0.0
189,218.9,0.0
190,219.0,0.0
191,219.1,0.0
192,219.2,0.0
193,219.3,0.0
194,219.4,0.0
195,219.5,0.0
196,219.6,0.0
197,219.7,0.0
198,219.8,0.0
199,219.9,0.0
200,220.0,0.0
201,220.1,0.0
202,220.2,0.0
203,220.3,0.0
204,220.4,0.0
205,220.5,0.0
206,220.6,0.0
207,220.7,0.0
208,220.8,0.0
209,220.9,0.0
210,221.0,0.0
211,221.1,0.0
212,221.2,0.0
213,221.3,0.0
214,221.4,0.0
215,221.5,0.0
216,221.6,0.0
217,221.7,0.0
218,221.8,0.0
219,221.9,0.0
220,222.0,0.0
221,222.1,0.0
222,222.2,0.0
223,222.3,0.022
224,222.4,1.284
225,222.5,49.31
226,222.6,1268.0
227,222.7,21840.0
228,222.8,252000.0
229,222.9,1947000.0
230,223.0,10070000.0
231,223.1,34900000.0
232,223.2,80989999.999
233,223.3,125900000.0
234,223.4,131000000.0
235,223.5,91340000.001
236,223.6,42640000.001
237,223.7,13330000.0
238,223.8,2792000.0
239,223.9,391600.0
240,224.0,36780.0
241,224.1,2314.0
242,224.2,97.49
243,224.3,2.751
244,224.4,0.052
245,224.5,0.001
246,224.6,0.0
247,224.7,0.0
248,224.8,0.0
249,224.9,0.0
250,225.0,0.0
251,225.1,0.0
252,225.2,0.0
253,225.3,0.002
254,225.4,0.086
255,225.5,2.386
256,225.6,44.64
257,225.7,565.2
258,225.8,4843.0
259,225.9,28080.0
260,226.0,110200.0
261,226.1,293600.0
262,226.2,536500.0
263,226.3,711400.0
264,226.4,845100.0
265,226.5,1244000.0
266,226.6,2046000.0
267,226.7,2893000.0
268,226.8,4756000.0
269,226.9,17830000.0
270,227.0,82629999.998
271,227.1,287799999.995
272,227.2,693599999.993
273,227.3,1141999999.995
274,227.4,1280000000.002
275,227.5,976000000.007
276,227.6,505500000.007
277,227.7,177900000.003
278,227.8,42960000.001
279,227.9,8331000.0
280,228.0,3848000.0
281,228.1,4590000.0
282,228.2,4536000.0
283,228.3,3087000.0
284,228.4,1432000.0
285,228.5,455300.0
286,228.6,117600.0
287,228.7,100900.0
288,228.8,253500.0
289,228.9,500800.0
290,229.0,679300.0
291,229.1,629500.0
292,229.2,398300.0
293,229.3,172200.0
294,229.4,50830.0
295,229.5,10250.0
296,229.6,1411.0
297,229.7,132.7
298,229.8,8.527
299,229.9,0.374
300,230.0,0.011
301,230.1,0.0
302,230.2,0.005
303,230.3,0.191
304,230.4,4.599
305,230.5,76.09
306,230.6,866.1
307,230.7,6781.0
308,230.8,36520.0
309,230.9,135400.0
310,231.0,346200.0
311,231.1,617200.0
312,231.2,809300.0
313,231.3,949900.0
314,231.4,1364000.0
315,231.5,2209000.0
316,231.6,2970000.0
317,231.7,3011000.0
318,231.8,2647000.0
319,231.9,2859000.0
320,232.0,3781000.0
321,232.1,4289000.0
322,232.2,3523000.0
323,232.3,2016000.0
324,232.4,806100.0
325,232.5,267800.0
326,232.6,218500.0
327,232.7,435800.0
328,232.8,721900.0
329,232.9,836700.0
330,233.0,676500.0
331,233.1,412000.0
332,233.2,320700.0
333,233.3,585000.0
334,233.4,1180000.0
335,233.5,1757000.0
336,233.6,1838000.0
337,233.7,1344000.0
338,233.8,686700.0
339,233.9,245300.0
340,234.0,61560.0
341,234.1,14190.0
342,234.2,25460.0
343,234.3,115300.0
344,234.4,381700.0
345,234.5,880000.0
346,234.6,1411000.0
347,234.7,1573000.0
348,234.8,1220000.0
349,234.9,658100.0
350,235.0,246900.0
351,235.1,64400.0
352,235.2,11690.0
353,235.3,1475.0
354,235.4,129.4
355,235.5,7.898
356,235.6,0.335
357,235.7,0.01
358,235.8,0.0
359,235.9,0.0
360,236.0,0.0
361,236.1,0.0
362,236.2,0.0
363,236.3,0.0
364,236.4,0.0
365,236.5,0.0
366,236.6,0.0
367,236.7,0.0
368,236.8,0.0
369,236.9,0.0
370,237.0,0.0
371,237.1,0.0
372,237.2,0.0
373,237.3,0.0
374,237.4,0.0
375,237.5,0.0
376,237.6,0.0
377,237.7,0.0
378,237.8,0.0
379,237.9,0.0
380,238.0,0.0
381,238.1,0.0
382,238.2,0.0
383,238.3,0.0
384,238.4,0.0
385,238.5,0.0
386,238.6,0.0
387,238.7,0.0
388,238.8,0.0
389,238.9,0.0
390,239.0,0.0
391,239.1,0.0
392,239.2,0.0
393,239.3,0.0
394,239.4,0.0
395,239.5,0.0
396,239.6,0.0
397,239.7,0.0
398,239.8,0.0
399,239.9,0.0
400,240.0,0.0
401,240.1,0.0
402,240.2,0.0
403,240.3,0.0
404,240.4,0.0
405,240.5,0.0
406,240.6,0.0
407,240.7,0.0
408,240.8,0.0
409,240.9,0.0
410,241.0,0.0
411,241.1,0.0
412,241.2,0.0
413,241.3,0.0
414,241.4,0.0
415,241.5,0.0
416,241.6,0.0
417,241.7,0.0
418,241.8,0.0
419,241.9,0.007
420,242.0,0.242
421,242.1,5.856
422,242.2,100.8
423,242.3,1235.0
424,242.4,10800.0
425,242.5,67240.0
426,242.6,298500.0
427,242.7,944200.0
428,242.8,2129000.0
429,242.9,3420000.0
430,243.0,3917000.0
431,243.1,3196000.0
432,243.2,1859000.0
433,243.3,775000.0
434,243.4,260000.0
435,243.5,215800.0
436,243.6,629700.0
437,243.7,1651000.0
438,243.8,3125000.0
439,243.9,4228000.0
440,244.0,4089000.0
441,244.1,2825000.0
442,244.2,1395000.0
443,244.3,492000.0
444,244.4,124000.0
445,244.5,22340.0
446,244.6,2875.0
447,244.7,264.4
448,244.8,17.38
449,244.9,0.816
450,245.0,0.027
451,245.1,0.001
452,245.2,0.0
453,245.3,0.0
454,245.4,0.0
455,245.5,0.0
456,245.6,0.0
457,245.7,0.0
458,245.8,0.0
459,245.9,0.0
460,246.0,0.0
461,246.1,0.0
462,246.2,0.0
463,246.3,0.0
464,246.4,0.0
465,246.5,0.0
466,246.6,0.0
467,246.7,0.0
468,246.8,0.0
469,246.9,0.0
470,247.0,0.0
471,247.1,0.0
472,247.2,0.0
473,247.3,0.0
474,247.4,0.0
475,247.5,0.0
476,247.6,0.0
477,247.7,0.0
478,247.8,0.0
479,247.9,0.0
480,248.0,0.0
481,248.1,0.0
482,248.2,0.0
483,248.3,0.0
484,248.4,0.0
485,248.5,0.0
486,248.6,0.0
487,248.7,0.0
488,248.8,0.0
489,248.9,0.0
490,249.0,0.001
491,249.1,0.07
492,249.2,2.486
493,249.3,64.56
494,249.4,1218.0
495,249.5,16700.0
496,249.6,166400.0
497,249.7,1205000.0
498,249.8,6339000.0
499,249.9,24239999.999
500,250.0,67329999.998
501,250.1,135899999.998
502,250.2,199399999.999
503,250.3,212500000.001
504,250.4,164600000.002
505,250.5,92650000.002
506,250.6,37900000.001
507,250.7,11260000.0
508,250.8,2432000.0
509,250.9,381700.0
510,251.0,43530.0
511,251.1,3607.0
512,251.2,217.2
513,251.3,9.504
514,251.4,0.302
515,251.5,0.007
516,251.6,0.0
517,251.7,0.0
518,251.8,0.0
519,251.9,0.0
520,252.0,0.0
521,252.1,0.0
522,252.2,0.0
523,252.3,0.0
524,252.4,0.0
525,252.5,0.0
526,252.6,0.0
527,252.7,0.0
528,252.8,0.0
529,252.9,0.0
530,253.0,0.0
531,253.1,0.0
532,253.2,0.0
533,253.3,0.003
534,253.4,0.152
535,253.5,5.294
536,253.6,135.1
537,253.7,2534.0
538,253.8,34900.0
539,253.9,353000.0
540,254.0,2623000.0
541,254.1,14319999.999
542,254.2,57389999.998
543,254.3,168999999.995
544,254.4,365499999.993
545,254.5,580699999.994
546,254.6,679000000.0
547,254.7,592900000.005
548,254.8,434300000.004
549,254.9,451399999.994
550,255.0,910299999.977
551,255.1,1911999999.962
552,255.2,3121999999.966
553,255.3,3817999999.993
554,255.4,3556000000.022
555,255.5,2682000000.03
556,255.6,1882000000.019
557,255.7,1504000000.005
558,255.8,1533999999.994
559,255.9,1867999999.986
560,256.0,2305999999.988
561,256.1,2535999999.999
562,256.2,2381000000.01
563,256.3,1962000000.015
564,256.4,1473000000.016
565,256.5,990200000.015
566,256.6,558100000.012
567,256.7,248300000.008
568,256.8,84930000.003
569,256.9,24090000.001
570,257.0,9245000.0
571,257.1,7501000.0
572,257.2,6804000.0
573,257.3,4842000.0
574,257.4,2564000.0
575,257.5,1004000.0
576,257.6,290400.0
577,257.7,62100.0
578,257.8,9812.0
579,257.9,1146.0
580,258.0,98.87
581,258.1,6.305
582,258.2,0.297
583,258.3,0.01
584,258.4,0.0
585,258.5,0.0
586,258.6,0.0
587,258.7,0.0
588,258.8,0.0
589,258.9,0.0
590,259.0,0.0
591,259.1,0.0
592,259.2,0.0
593,259.3,0.0
594,259.4,0.0
595,259.5,0.0
596,259.6,0.0
597,259.7,0.0
598,259.8,0.0
599,259.9,0.003
600,260.0,0.108
601,260.1,3.156
602,260.2,68.54
603,260.3,1110.0
604,260.4,13420.0
605,260.5,120900.0
606,260.6,812900.0
607,260.7,4076000.0
608,260.8,15249999.999
609,260.9,42539999.999
610,261.0,88519999.998
611,261.1,137399999.999
612,261.2,159100000.0
613,261.3,137400000.001
614,261.4,88520000.002
615,261.5,42540000.001
616,261.6,15250000.001
617,261.7,4076000.0
618,261.8,812900.0
619,261.9,120900.0
620,262.0,13420.0
621,262.1,1110.0
622,262.2,68.54
623,262.3,3.156
624,262.4,0.108
625,262.5,0.003
626,262.6,0.0
627,262.7,0.0
628,262.8,0.0
629,262.9,0.0
630,263.0,0.0
631,263.1,0.0
632,263.2,0.001
633,263.3,0.005
634,263.4,0.036
635,263.5,0.191
636,263.6,0.759
637,263.7,2.258
638,263.8,5.042
639,263.9,8.451
640,264.0,10.63
641,264.1,10.04
642,264.2,7.115
643,264.3,3.785
644,264.4,1.511
645,264.5,0.453
646,264.6,0.102
647,264.7,0.017
648,264.8,0.002
649,264.9,0.0
650,265.0,0.0
651,265.1,0.0
652,265.2,0.0
653,265.3,0.0
654,265.4,0.0
655,265.5,0.0
656,265.6,0.007
657,265.7,0.196
658,265.8,4.311
659,265.9,71.51
660,266.0,895.7
661,266.1,8472.0
662,266.2,60510.0
663,266.3,326400.0
664,266.4,1329000.0
665,266.5,4088000.0
666,266.6,9494000.0
667,266.7,16650000.0
668,266.8,22050000.0
669,266.9,22050000.0
670,267.0,16650000.0
671,267.1,9494000.0
672,267.2,4088000.0
673,267.3,1329000.0
674,267.4,326400.0
675,267.5,60510.0
676,267.6,8477.0
677,267.7,907.1
678,267.8,91.44
679,267.9,30.65
680,268.0,26.53
681,268.1,19.94
682,268.2,11.43
683,268.3,5.233
684,268.4,6.196
685,268.5,56.57
686,268.6,523.9
687,268.7,3708.0
688,268.8,19930.0
689,268.9,81290.0
690,269.0,251700.0
691,269.1,592300.0
692,269.2,1063000.0
693,269.3,1485000.0
694,269.4,1795000.0
695,269.5,2582000.0
696,269.6,5480000.0
697,269.7,12510000.0
698,269.8,23680000.0
699,269.9,34650000.0
700,270.0,38640000.0
701,270.1,32790000.0
702,270.2,21230000.0
703,270.3,10760000.0
704,270.4,5095000.0
705,270.5,4027000.0
706,270.6,5626000.0
707,270.7,7826000.0
708,270.8,9162000.0
709,270.9,9458000.0
710,271.0,9594000.0
711,271.1,10020000.0
712,271.2,9911000.0
713,271.3,8313000.0
714,271.4,5543000.0
715,271.5,2861000.0
716,271.6,1131000.0
717,271.7,341500.0
718,271.8,78630.0
719,271.9,13800.0
720,272.0,1845.0
721,272.1,187.9
722,272.2,14.59
723,272.3,0.98
724,272.4,2.529
725,272.5,40.67
726,272.6,511.2
727,272.7,4957.0
728,272.8,37220.0
729,272.9,217300.0
730,273.0,991600.0
731,273.1,3559000.0
732,273.2,10100000.0
733,273.3,22799999.999
734,273.4,40969999.999
735,273.5,58599999.999
736,273.6,66460000.0
737,273.7,59440000.001
738,273.8,41680000.001
739,273.9,22790000.001
740,274.0,9696000.0
741,274.1,3385000.0
742,274.2,1795000.0
743,274.3,3614000.0
744,274.4,9245000.0
745,274.5,18860000.0
746,274.6,29590000.0
747,274.7,35630000.0
748,274.8,32900000.0
749,274.9,23310000.0
750,275.0,12670000.0
751,275.1,5286000.0
752,275.2,1691000.0
753,275.3,415200.0
754,275.4,78190.0
755,275.5,11300.0
756,275.6,1252.0
757,275.7,106.5
758,275.8,6.95
759,275.9,0.348
760,276.0,0.013
761,276.1,0.0
762,276.2,0.0
763,276.3,0.0
764,276.4,0.0
765,276.5,0.0
766,276.6,0.0
767,276.7,0.0
768,276.8,0.0
769,276.9,0.001
770,277.0,0.022
771,277.1,0.579
772,277.2,11.57
773,277.3,178.6
774,277.4,2130.0
775,277.5,19630.0
776,277.6,139700.0
777,277.7,767700.0
778,277.8,3259000.0
779,277.9,10689999.999
780,278.0,27079999.999
781,278.1,52999999.999
782,278.2,80139999.999
783,278.3,93760000.0
784,278.4,85620000.001
785,278.5,63970000.001
786,278.6,48180000.0
787,278.7,53839999.999
788,278.8,81579999.998
789,278.9,114799999.999
790,279.0,129500000.0
791,279.1,113800000.001
792,279.2,77360000.002
793,279.3,40700000.001
794,279.4,16600000.001
795,279.5,5476000.0
796,279.6,2695000.0
797,279.7,6181000.0
798,279.8,19209999.999
799,279.9,47979999.998
800,280.0,93029999.998
801,280.1,139799999.998
802,280.2,162900000.0
803,280.3,147200000.002
804,280.4,103000000.002
805,280.5,55900000.002
806,280.6,23510000.001
807,280.7,7666000.0
808,280.8,1937000.0
809,280.9,379500.0
810,281.0,57890.0
811,281.1,9844.0
812,281.2,28630.0
813,281.3,199600.0
814,281.4,1108000.0
815,281.5,4800000.0
816,281.6,16299999.999
817,281.7,43689999.998
818,281.8,93519999.997
819,281.9,163099999.996
820,282.0,238299999.997
821,282.1,300499999.998
822,282.2,334299999.999
823,282.3,334900000.001
824,282.4,317700000.001
825,282.5,314999999.999
826,282.6,341699999.998
827,282.7,367700000.0
828,282.8,345100000.003
829,282.9,263100000.005
830,283.0,158400000.005
831,283.1,74640000.003
832,283.2,27420000.001
833,283.3,7847000.001
834,283.4,1749000.0
835,283.5,303600.0
836,283.6,41030.0
837,283.7,4318.0
838,283.8,353.8
839,283.9,22.58
840,284.0,1.122
841,284.1,0.043
842,284.2,0.001
843,284.3,0.0
844,284.4,0.0
845,284.5,0.0
846,284.6,0.0
847,284.7,0.0
848,284.8,0.0
849,284.9,0.0
850,285.0,0.0
851,285.1,0.0
852,285.2,0.0
853,285.3,0.0
854,285.4,0.0
855,285.5,0.0
856,285.6,0.0
857,285.7,0.0
858,285.8,0.005
859,285.9,0.122
860,286.0,2.356
861,286.1,35.64
862,286.2,422.9
863,286.3,3938.0
864,286.4,28770.0
865,286.5,164900.0
866,286.6,741900.0
867,286.7,2618000.0
868,286.8,7251000.0
869,286.9,15759999.999
870,287.0,26869999.999
871,287.1,35940000.0
872,287.2,37730000.0
873,287.3,31070000.0
874,287.4,20080000.001
875,287.5,10180000.0
876,287.6,4052000.0
877,287.7,1265000.0
878,287.8,309900.0
879,287.9,59560.0
880,288.0,8982.0
881,288.1,1063.0
882,288.2,98.7
883,288.3,7.191
884,288.4,0.411
885,288.5,0.018
886,288.6,0.001
887,288.7,0.0
888,288.8,0.0
889,288.9,0.0
890,289.0,0.0
891,289.1,0.0
892,289.2,0.0
893,289.3,0.0
894,289.4,0.0
895,289.5,0.0
896,289.6,0.0
897,289.7,0.0
898,289.8,0.0
899,289.9,0.0
900,290.0,0.011
901,290.1,0.261
902,290.2,4.732
903,290.3,67.78
904,290.4,767.0
905,290.5,6859.0
906,290.6,48450.0
907,290.7,270500.0
908,290.8,1193000.0
909,290.9,4158000.0
910,291.0,11449999.999
911,291.1,24909999.999
912,291.2,42819999.999
913,291.3,58159999.999
914,291.4,62420000.0
915,291.5,52930000.001
916,291.6,35470000.001
917,291.7,18780000.001
918,291.8,7854000.0
919,291.9,2596000.0
920,292.0,677800.0
921,292.1,139900.0
922,292.2,22800.0
923,292.3,2937.0
924,292.4,299.0
925,292.5,24.04
926,292.6,1.528
927,292.7,0.077
928,292.8,0.003
929,292.9,0.0
930,293.0,0.0
931,293.1,0.0
932,293.2,0.0
933,293.3,0.0
934,293.4,0.0
935,293.5,0.0
936,293.6,0.0
937,293.7,0.0
938,293.8,0.0
939,293.9,0.0
940,294.0,0.0
941,294.1,0.0
942,294.2,0.0
943,294.3,0.0
944,294.4,0.0
945,294.5,0.0
946,294.6,0.0
947,294.7,0.0
948,294.8,0.0
949,294.9,0.0
950,295.0,0.0
951,295.1,0.0
952,295.2,0.0
953,295.3,0.001
954,295.4,0.029
955,295.5,0.465
956,295.6,5.927
957,295.7,60.18
958,295.8,486.8
959,295.9,3138.0
960,296.0,16110.0
961,296.1,65910.0
962,296.2,214900.0
963,296.3,558000.0
964,296.4,1155000.0
965,296.5,1904000.0
966,296.6,2502000.0
967,296.7,2628000.0
968,296.8,2241000.0
969,296.9,1704000.0
970,297.0,1630000.0
971,297.1,2657000.0
972,297.2,5155000.0
973,297.3,8797000.0
974,297.4,12470000.0
975,297.5,15340000.0
976,297.6,18710000.0
977,297.7,26429999.999
978,297.8,41749999.999
979,297.9,62489999.999
980,298.0,79619999.999
981,298.1,83160000.0
982,298.2,70740000.001
983,298.3,50420000.001
984,298.4,36150000.0
985,298.5,43089999.999
986,298.6,85839999.996
987,298.7,171799999.994
988,298.8,285599999.994
989,298.9,381599999.996
990,299.0,408100000.001
991,299.1,348900000.005
992,299.2,238500000.007
993,299.3,130400000.005
994,299.4,56970000.003
995,299.5,19900000.001
996,299.6,5560000.0
997,299.7,1242000.0
998,299.8,221700.0
999,299.9,31660.0
1000,300.0,3613.0
1001,300.1,329.8
1002,300.2,24.07
1003,300.3,1.541
1004,300.4,2.302
1005,300.5,29.28
1006,300.6,307.7
1007,300.7,2595.0
1008,300.8,17570.0
1009,300.9,95530.0
1010,301.0,416900.0
1011,301.1,1462000.0
1012,301.2,4124000.0
1013,301.3,9383000.0
1014,301.4,17349999.999
1015,301.5,26459999.999
1016,301.6,34370000.0
1017,301.7,40090000.0
1018,301.8,44420000.0
1019,301.9,47560000.0
1020,302.0,47240000.0
1021,302.1,41040000.001
1022,302.2,29870000.001
1023,302.3,17790000.001
1024,302.4,8585000.0
1025,302.5,3365000.0
1026,302.6,1161000.0
1027,302.7,623200.0
1028,302.8,935200.0
1029,302.9,1741000.0
1030,303.0,2738000.0
1031,303.1,3485000.0
1032,303.2,3622000.0
1033,303.3,3339000.0
1034,303.4,3963000.0
1035,303.5,8965999.999
1036,303.6,25419999.998
1037,303.7,63489999.997
1038,303.8,129499999.995
1039,303.9,213499999.995
1040,304.0,285799999.997
1041,304.1,316000000.0
1042,304.2,304900000.001
1043,304.3,291500000.0
1044,304.4,319499999.997
1045,304.5,390499999.995
1046,304.6,455099999.998
1047,304.7,456500000.002
1048,304.8,386400000.006
1049,304.9,296900000.004
1050,305.0,261699999.999
1051,305.1,321599999.994
1052,305.2,453699999.991
1053,305.3,579199999.995
1054,305.4,613100000.002
1055,305.5,527200000.008
1056,305.6,367300000.01
1057,305.7,209700000.008
1058,305.8,104200000.004
1059,305.9,57790000.001
1060,306.0,56069999.999
1061,306.1,90989999.997
1062,306.2,172599999.993
1063,306.3,315899999.989
1064,306.4,507899999.988
1065,306.5,683499999.992
1066,306.6,753800000.0
1067,306.7,675600000.009
1068,306.8,490400000.013
1069,306.9,288100000.011
1070,307.0,137400000.007
1071,307.1,54710000.003
1072,307.2,22270000.001
1073,307.3,17170000.0
1074,307.4,23979999.999
1075,307.5,33300000.0
1076,307.6,38470000.0
1077,307.7,36090000.0
1078,307.8,27420000.001
1079,307.9,16860000.001
1080,308.0,8395000.0
1081,308.1,3383000.0
1082,308.2,1104000.0
1083,308.3,291500.0
1084,308.4,62320.0
1085,308.5,10780.0
1086,308.6,1511.0
1087,308.7,171.3
1088,308.8,15.73
1089,308.9,1.169
1090,309.0,0.07
1091,309.1,0.003
1092,309.2,0.0
1093,309.3,0.002
1094,309.4,0.041
1095,309.5,0.731
1096,309.6,10.56
1097,309.7,124.0
1098,309.8,1184.0
1099,309.9,9192.0
1100,310.0,58010.0
1101,310.1,297600.0
1102,310.2,1241000.0
1103,310.3,4210000.0
1104,310.4,11609999.999
1105,310.5,26029999.999
1106,310.6,47429999.999
1107,310.7,70289999.999
1108,310.8,84680000.0
1109,310.9,82950000.001
1110,311.0,66060000.001
1111,311.1,42770000.001
1112,311.2,22510000.001
1113,311.3,9636000.001
1114,311.4,3353000.0
1115,311.5,948600.0
1116,311.6,218200.0
1117,311.7,40830.0
1118,311.8,6477.0
1119,311.9,3202.0
1120,312.0,17740.0
1121,312.1,104400.0
1122,312.2,503400.0
1123,312.3,1978000.0
1124,312.4,6341000.0
1125,312.5,16589999.999
1126,312.6,35459999.998
1127,312.7,62219999.998
1128,312.8,90549999.998
1129,312.9,112099999.999
1130,313.0,124699999.999
1131,313.1,134699999.999
1132,313.2,149499999.999
1133,313.3,165199999.999
1134,313.4,169300000.0
1135,313.5,155300000.001
1136,313.6,134800000.001
1137,313.7,130799999.999
1138,313.8,158099999.997
1139,313.9,207199999.997
1140,314.0,247599999.998
1141,314.1,249700000.001
1142,314.2,207400000.004
1143,314.3,140900000.004
1144,314.4,78270000.003
1145,314.5,35490000.002
1146,314.6,13140000.001
1147,314.7,3972000.0
1148,314.8,980500.0
1149,314.9,197600.0
1150,315.0,32510.0
1151,315.1,4367.0
1152,315.2,479.0
1153,315.3,42.9
1154,315.4,3.137
1155,315.5,0.187
1156,315.6,0.009
1157,315.7,0.0
1158,315.8,0.0
1159,315.9,0.0
1160,316.0,0.0
1161,316.1,0.0
1162,316.2,0.0
1163,316.3,0.0
1164,316.4,0.0
1165,316.5,0.0
1166,316.6,0.0
1167,316.7,0.0
1168,316.8,0.0
1169,316.9,0.0
1170,317.0,0.0
1171,317.1,0.0
1172,317.2,0.0
1173,317.3,0.0
1174,317.4,0.0
1175,317.5,0.0
1176,317.6,0.001
1177,317.7,0.017
1178,317.8,0.279
1179,317.9,3.877
1180,318.0,44.22
1181,318.1,414.5
1182,318.2,3193.0
1183,318.3,20210.0
1184,318.4,105100.0
1185,318.5,449400.0
1186,318.6,1578000.0
1187,318.7,4556000.0
1188,318.8,10809999.999
1189,318.9,21069999.999
1190,319.0,33749999.999
1191,319.1,44429999.999
1192,319.2,48140000.0
1193,319.3,43160000.001
1194,319.4,32910000.001
1195,319.5,24050000.0
1196,319.6,22820000.0
1197,319.7,32279999.999
1198,319.8,50549999.999
1199,319.9,70409999.999
1200,320.0,81990000.0
1201,320.1,78790000.001
1202,320.2,62320000.001
1203,320.3,40550000.001
1204,320.4,21710000.001
1205,320.5,9560000.001
1206,320.6,3463000.0
1207,320.7,1032000.0
1208,320.8,252900.0
1209,320.9,51000.0
1210,321.0,8459.0
1211,321.1,1154.0
1212,321.2,129.5
1213,321.3,11.96
1214,321.4,0.908
1215,321.5,0.057
1216,321.6,0.003
1217,321.7,0.0
1218,321.8,0.0
1219,321.9,0.0
1220,322.0,0.0
1221,322.1,0.0
1222,322.2,0.0
1223,322.3,0.0
1224,322.4,0.0
1225,322.5,0.0
1226,322.6,0.0
1227,322.7,0.0
1228,322.8,0.0
1229,322.9,0.0
1230,323.0,0.0
1231,323.1,0.0
1232,323.2,0.0
1233,323.3,0.0
1234,323.4,0.0
1235,323.5,0.0
1236,323.6,0.0
1237,323.7,0.0
1238,323.8,0.0
1239,323.9,0.0
1240,324.0,0.0
1241,324.1,0.001
1242,324.2,0.017
1243,324.3,0.241
1244,324.4,2.855
1245,324.5,27.96
1246,324.6,226.8
1247,324.7,1523.0
1248,324.8,8474.0
1249,324.9,39040.0
1250,325.0,148900.0
1251,325.1,470500.0
1252,325.2,1231000.0
1253,325.3,2667000.0
1254,325.4,4785000.0
1255,325.5,7110000.0
1256,325.6,8749000.0
1257,325.7,8916000.0
1258,325.8,7524000.0
1259,325.9,5258000.0
1260,326.0,3044000.0
1261,326.1,1464000.0
1262,326.2,611000.0
1263,326.3,341800.0
1264,326.4,646100.0
1265,326.5,1949000.0
1266,326.6,5260000.0
1267,326.7,11929999.999
1268,326.8,22789999.999
1269,326.9,37179999.999
1270,327.0,52949999.999
1271,327.1,67919999.999
1272,327.2,80849999.999
1273,327.3,90320000.0
1274,327.4,93280000.0
1275,327.5,86720000.001
1276,327.6,71980000.001
1277,327.7,57530000.001
1278,327.8,57489999.999
1279,327.9,87059999.996
1280,328.0,155099999.994
1281,328.1,253699999.992
1282,328.2,352299999.994
1283,328.3,408299999.998
1284,328.4,393300000.004
1285,328.5,314800000.007
1286,328.6,209300000.008
1287,328.7,115600000.006
1288,328.8,53030000.003
1289,328.9,20210000.002
1290,329.0,6397000.001
1291,329.1,1683000.0
1292,329.2,373000.0
1293,329.3,109300.0
1294,329.4,279500.0
1295,329.5,1419000.0
1296,329.6,6209999.999
1297,329.7,22669999.998
1298,329.8,68959999.995
1299,329.9,174799999.989
1300,330.0,368999999.982
1301,330.1,649399999.977
1302,330.2,952199999.979
1303,330.3,1163999999.991
1304,330.4,1185000000.006
1305,330.5,1006000000.019
1306,330.6,713200000.023
1307,330.7,425300000.019
1308,330.8,222400000.011
1309,330.9,122400000.004
1310,331.0,103099999.999
1311,331.1,130399999.997
1312,331.2,171399999.997
1313,331.3,198799999.999
1314,331.4,197800000.001
1315,331.5,170800000.003
1316,331.6,133200000.003
1317,331.7,102200000.002
1318,331.8,86410000.001
1319,331.9,84300000.0
1320,332.0,88020000.0
1321,332.1,88500000.0
1322,332.2,79970000.001
1323,332.3,62710000.002
1324,332.4,42110000.001
1325,332.5,24750000.001
1326,332.6,15110000.0
1327,332.7,15190000.0
1328,332.8,25739999.999
1329,332.9,46029999.998
1330,333.0,71689999.998
1331,333.1,93829999.999
1332,333.2,102700000.0
1333,333.3,93810000.001
1334,333.4,71620000.002
1335,333.5,45750000.002
1336,333.6,24920000.001
1337,333.7,13650000.0
1338,333.8,15179999.999
1339,333.9,38859999.997
1340,334.0,108999999.992
1341,334.1,268599999.983
1342,334.2,566199999.971
1343,334.3,1014999999.961
1344,334.4,1542999999.961
1345,334.5,1982999999.975
1346,334.6,2153000000.0
1347,334.7,1985000000.024
1348,334.8,1594000000.032
1349,334.9,1242000000.018
1350,335.0,1212999999.984
1351,335.1,1691999999.942
1352,335.2,2659999999.913
1353,335.3,3829999999.914
1354,335.4,4723999999.954
1355,335.5,4923000000.016
1356,335.6,4362000000.066
1357,335.7,3379000000.079
1358,335.8,2467000000.057
1359,335.9,1952000000.022
1360,336.0,1846999999.997
1361,336.1,1936999999.992
1362,336.2,1970000000.004
1363,336.3,1808000000.02
1364,336.4,1485000000.028
1365,336.5,1156000000.021
1366,336.6,1005000000.001
1367,336.7,1145999999.977
1368,336.8,1582999999.956
1369,336.9,2226999999.946
1370,337.0,2936999999.946
1371,337.1,3550999999.96
1372,337.2,3893999999.988
1373,337.3,3823000000.024
1374,337.4,3307000000.055
1375,337.5,2494000000.069
1376,337.6,1644000000.062
1377,337.7,978600000.041
1378,337.8,578800000.022
1379,337.9,390100000.009
1380,338.0,307600000.005
1381,338.1,250000000.005
1382,338.2,186000000.005
1383,338.3,119900000.005
1384,338.4,65650000.004
1385,338.5,30360000.002
1386,338.6,11830000.001
1387,338.7,3881000.0
1388,338.8,1071000.0
1389,338.9,248700.0
1390,339.0,48560.0
1391,339.1,7971.0
1392,339.2,1100.0
1393,339.3,127.5
1394,339.4,12.43
1395,339.5,1.017
1396,339.6,0.07
1397,339.7,0.004
1398,339.8,0.0
1399,339.9,0.0
1400,340.0,0.0
1401,340.1,0.0
1402,340.2,0.0
1403,340.3,0.0
1404,340.4,0.0
1405,340.5,0.0
1406,340.6,0.0
1407,340.7,0.0
1408,340.8,0.0
1409,340.9,0.0
1410,341.0,0.0
1411,341.1,0.0
1412,341.2,0.0
1413,341.3,0.0
1414,341.4,0.0
1415,341.5,0.0
1416,341.6,0.0
1417,341.7,0.0
1418,341.8,0.0
1419,341.9,0.0
1420,342.0,0.0
1421,342.1,0.0
1422,342.2,0.0
1423,342.3,0.0
1424,342.4,0.0
1425,342.5,0.0
1426,342.6,0.0
1427,342.7,0.0
1428,342.8,0.0
1429,342.9,0.0
1430,343.0,0.0
1431,343.1,0.0
1432,343.2,0.0
1433,343.3,0.0
1434,343.4,0.0
1435,343.5,0.0
1436,343.6,0.0
1437,343.7,0.0
1438,343.8,0.0
1439,343.9,0.0
1440,344.0,0.0
1441,344.1,0.0
1442,344.2,0.0
1443,344.3,0.0
1444,344.4,0.0
1445,344.5,0.0
1446,344.6,0.0
1447,344.7,0.0
1448,344.8,0.0
1449,344.9,0.0
1450,345.0,0.0
1451,345.1,0.0
1452,345.2,0.0
1453,345.3,0.0
1454,345.4,0.0
1455,345.5,0.0
1456,345.6,0.0
1457,345.7,0.0
1458,345.8,0.0
1459,345.9,0.0
1460,346.0,0.0
1461,346.1,0.0
1462,346.2,0.0
1463,346.3,0.0
1464,346.4,0.0
1465,346.5,0.0
1466,346.6,0.0
1467,346.7,0.0
1468,346.8,0.0
1469,346.9,0.0
1470,347.0,0.0
1471,347.1,0.0
1472,347.2,0.0
1473,347.3,0.0
1474,347.4,0.0
1475,347.5,0.0
1476,347.6,0.0
1477,347.7,0.0
1478,347.8,0.0
1479,347.9,0.0
1480,348.0,0.0
1481,348.1,0.0
1482,348.2,0.0
1483,348.3,0.0
1484,348.4,0.0
1485,348.5,0.0
1486,348.6,0.0
1487,348.7,0.0
1488,348.8,0.0
1489,348.9,0.0
1490,349.0,0.0
1491,349.1,0.0
1492,349.2,0.0
1493,349.3,0.0
1494,349.4,0.0
1495,349.5,0.0
1496,349.6,0.0
1497,349.7,0.0
1498,349.8,0.0
1499,349.9,0.0
1500,350.0,0.0
1501,350.1,0.0
1502,350.2,0.0
1503,350.3,0.0
1504,350.4,0.0
1505,350.5,0.0
1506,350.6,0.0
1507,350.7,0.0
1508,350.8,0.0
1509,350.9,0.0
1510,351.0,0.0
1511,351.1,0.0
1512,351.2,0.0
1513,351.3,0.0
1514,351.4,0.0
1515,351.5,0.0
1516,351.6,0.0
1517,351.7,0.0
1518,351.8,0.001
1519,351.9,0.012
1520,352.0,0.192
1521,352.1,2.558
1522,352.2,29.06
1523,352.3,281.5
1524,352.4,2323.0
1525,352.5,16340.0
1526,352.6,97930.0
1527,352.7,500300.0
1528,352.8,2178000.0
1529,352.9,8080999.999
1530,353.0,25549999.998
1531,353.1,68859999.995
1532,353.2,158199999.99
1533,353.3,309499999.984
1534,353.4,516299999.981
1535,353.5,733999999.983
1536,353.6,889299999.991
1537,353.7,918200000.004
1538,353.8,807900000.015
1539,353.9,605900000.02
1540,354.0,387200000.018
1541,354.1,210900000.013
1542,354.2,97890000.007
1543,354.3,38730000.003
1544,354.4,13060000.001
1545,354.5,3751000.0
1546,354.6,919400.0
1547,354.7,198100.0
1548,354.8,76760.0
1549,354.9,247400.0
1550,355.0,1175000.0
1551,355.1,4860999.999
1552,355.2,17179999.998
1553,355.3,51879999.995
1554,355.4,133799999.99
1555,355.5,294499999.981
1556,355.6,553699999.973
1557,355.7,889099999.969
1558,355.8,1218999999.974
1559,355.9,1427999999.99
1560,356.0,1431000000.01
1561,356.1,1231000000.024
1562,356.2,925500000.028
1563,356.3,650700000.019
1564,356.4,516900000.004
1565,356.5,576199999.986
1566,356.6,826099999.97
1567,356.7,1239999999.956
1568,356.8,1811999999.941
1569,356.9,2596999999.919
1570,357.0,3672999999.89
1571,357.1,5034999999.869
1572,357.2,6474999999.879
1573,357.3,7624999999.921
1574,357.4,8171999999.982
1575,357.5,8052000000.037
1576,357.6,7445000000.068
1577,357.7,6618000000.077
1578,357.8,5777000000.072
1579,357.9,5037000000.06
1580,358.0,4437000000.049
1581,358.1,3926000000.045
1582,358.2,3395000000.052
1583,358.3,2762000000.062
1584,358.4,2060000000.062
1585,358.5,1428000000.049
1586,358.6,1022000000.023
1587,358.7,924799999.995
1588,358.8,1115999999.973
1589,358.9,1472999999.966
1590,359.0,1813999999.976
1591,359.1,1965999999.998
1592,359.2,1844000000.023
1593,359.3,1491000000.039
1594,359.4,1037000000.041
1595,359.5,620200000.033
1596,359.6,318900000.021
1597,359.7,140900000.011
1598,359.8,53520000.005
1599,359.9,17460000.002
1600,360.0,4895000.001
1601,360.1,1181000.0
1602,360.2,270900.0
1603,360.3,226300.0
1604,360.4,1055000.0
1605,360.5,5151999.999
1606,360.6,21709999.997
1607,360.7,78529999.991
1608,360.8,243699999.976
1609,360.9,649199999.947
1610,361.0,1483999999.898
1611,361.1,2908999999.84
1612,361.2,4894999999.801
1613,361.3,7067999999.812
1614,361.4,8756999999.89
1615,361.5,9310000000.013
1616,361.6,8493000000.132
1617,361.7,6648000000.196
1618,361.8,4466000000.195
1619,361.9,2574000000.149
1620,362.0,1273000000.091
1621,362.1,541100000.046
1622,362.2,200900000.019
1623,362.3,78380000.005
1624,362.4,75999999.996
1625,362.5,183799999.983
1626,362.6,468699999.962
1627,362.7,1044999999.93
1628,362.8,2005999999.893
1629,362.9,3308999999.871
1630,363.0,4689999999.881
1631,363.1,5711999999.935
1632,363.2,5978000000.017
1633,363.3,5376000000.091
1634,363.4,4157000000.128
1635,363.5,2771000000.123
1636,363.6,1616000000.089
1637,363.7,899800000.044
1638,363.8,658300000.001
1639,363.9,865999999.961
1640,364.0,1488999999.924
1641,364.1,2450999999.899
1642,364.2,3561999999.898
1643,364.3,4522999999.927
1644,364.4,5024999999.981
1645,364.5,4911000000.039
1646,364.6,4254000000.08
1647,364.7,3311000000.092
1648,364.8,2384000000.078
1649,364.9,1694000000.05
1650,365.0,1316000000.022
1651,365.1,1189000000.004
1652,365.2,1173000000.001
1653,365.3,1130000000.008
1654,365.4,986400000.018
1655,365.5,756000000.024
1656,365.6,502300000.023
1657,365.7,288000000.017
1658,365.8,142300000.01
1659,365.9,60550000.005
1660,366.0,22180000.002
1661,366.1,6993000.001
1662,366.2,1898000.0
1663,366.3,443500.0
1664,366.4,89200.0
1665,366.5,15460.0
1666,366.6,2463.0
1667,366.7,1381.0
1668,366.8,6330.0
1669,366.9,31520.0
1670,367.0,136100.0
1671,367.1,506700.0
1672,367.2,1628000.0
1673,367.3,4511000.0
1674,367.4,10789999.999
1675,367.5,22239999.999
1676,367.6,39579999.998
1677,367.7,60739999.998
1678,367.8,80429999.998
1679,367.9,91869999.999
1680,368.0,90520000.001
1681,368.1,76940000.002
1682,368.2,56420000.002
1683,368.3,35690000.002
1684,368.4,19480000.001
1685,368.5,9168000.001
1686,368.6,3723000.0
1687,368.7,1304000.0
1688,368.8,394100.0
1689,368.9,102800.0
1690,369.0,23110.0
1691,369.1,4483.0
1692,369.2,750.4
1693,369.3,108.3
1694,369.4,13.49
1695,369.5,1.45
1696,369.6,0.134
1697,369.7,0.011
1698,369.8,0.001
1699,369.9,0.0
1700,370.0,0.0
1701,370.1,0.0
1702,370.2,0.0
1703,370.3,0.0
1704,370.4,0.0
1705,370.5,0.0
1706,370.6,0.0
1707,370.7,0.0
1708,370.8,0.0
1709,370.9,0.0
1710,371.0,0.0
1711,371.1,0.0
1712,371.2,0.0
1713,371.3,0.0
1714,371.4,0.0
1715,371.5,0.0
1716,371.6,0.0
1717,371.7,0.0
1718,371.8,0.0
1719,371.9,0.0
1720,372.0,0.0
1721,372.1,0.0
1722,372.2,0.0
1723,372.3,0.0
1724,372.4,0.0
1725,372.5,0.0
1726,372.6,0.0
1727,372.7,0.0
1728,372.8,0.0
1729,372.9,0.0
1730,373.0,0.0
1731,373.1,0.0
1732,373.2,0.0
1733,373.3,0.0
1734,373.4,0.0
1735,373.5,0.0
1736,373.6,0.0
1737,373.7,0.0
1738,373.8,0.0
1739,373.9,0.0
1740,374.0,0.0
1741,374.1,0.0
1742,374.2,0.0
1743,374.3,0.0
1744,374.4,0.0
1745,374.5,0.0
1746,374.6,0.0
1747,374.7,0.0
1748,374.8,0.0
1749,374.9,0.0
1750,375.0,0.0
1751,375.1,0.0
1752,375.2,0.0
1753,375.3,0.0
1754,375.4,0.0
1755,375.5,0.0
1756,375.6,0.0
1757,375.7,0.0
1758,375.8,0.0
1759,375.9,0.0
1760,376.0,0.0
1761,376.1,0.0
1762,376.2,0.0
1763,376.3,0.0
1764,376.4,0.0
1765,376.5,0.0
1766,376.6,0.0
1767,376.7,0.0
1768,376.8,0.0
1769,376.9,0.0
1770,377.0,0.0
1771,377.1,0.0
1772,377.2,0.0
1773,377.3,0.0
1774,377.4,0.0
1775,377.5,0.0
1776,377.6,0.0
1777,377.7,0.0
1778,377.8,0.0
1779,377.9,0.0
1780,378.0,0.0
1781,378.1,0.0
1782,378.2,0.0
1783,378.3,0.0
1784,378.4,0.0
1785,378.5,0.0
1786,378.6,0.0
1787,378.7,0.0
1788,378.8,0.0
1789,378.9,0.0
1790,379.0,0.0
1791,379.1,0.0
1792,379.2,0.0
1793,379.3,0.0
1794,379.4,0.0
1795,379.5,0.0
1796,379.6,0.0
1797,379.7,0.0
1798,379.8,0.0
1799,379.9,0.0
1800,380.0,0.0
1801,380.1,0.0
1802,380.2,0.0
1803,380.3,0.0
1804,380.4,0.0
1805,380.5,0.0
1806,380.6,0.0
1807,380.7,0.0
1808,380.8,0.0
1809,380.9,0.0
1810,381.0,0.0
1811,381.1,0.0
1812,381.2,0.0
1813,381.3,0.0
1814,381.4,0.0
1815,381.5,0.0
1816,381.6,0.0
1817,381.7,0.0
1818,381.8,0.0
1819,381.9,0.0
1820,382.0,0.0
1821,382.1,0.0
1822,382.2,0.0
1823,382.3,0.0
1824,382.4,0.0
1825,382.5,0.0
1826,382.6,0.0
1827,382.7,0.0
1828,382.8,0.0
1829,382.9,0.0
1830,383.0,0.0
1831,383.1,0.0
1832,383.2,0.0
1833,383.3,0.0
1834,383.4,0.0
1835,383.5,0.0
1836,383.6,0.0
1837,383.7,0.0
1838,383.8,0.0
1839,383.9,0.0
1840,384.0,0.0
1841,384.1,0.0
1842,384.2,0.005
1843,384.3,0.058
1844,384.4,0.581
1845,384.5,5.109
1846,384.6,39.28
1847,384.7,264.0
1848,384.8,1552.0
1849,384.9,7977.0
1850,385.0,35850.0
1851,385.1,140900.0
1852,385.2,484300.0
1853,385.3,1455000.0
1854,385.4,3824000.0
1855,385.5,8786999.999
1856,385.6,17649999.999
1857,385.7,31019999.998
1858,385.8,47649999.998
1859,385.9,64019999.998
1860,386.0,75199999.999
1861,386.1,77250000.0
1862,386.2,69380000.001
1863,386.3,54500000.002
1864,386.4,37430000.002
1865,386.5,22480000.001
1866,386.6,11800000.001
1867,386.7,5420000.0
1868,386.8,2176000.0
1869,386.9,764200.0
1870,387.0,234600.0
1871,387.1,62990.0
1872,387.2,14790.0
1873,387.3,3036.0
1874,387.4,544.9
1875,387.5,85.53
1876,387.6,11.74
1877,387.7,1.409
1878,387.8,0.148
1879,387.9,0.014
1880,388.0,0.001
1881,388.1,0.0
1882,388.2,0.0
1883,388.3,0.0
1884,388.4,0.0
1885,388.5,0.0
1886,388.6,0.0
1887,388.7,0.0
1888,388.8,0.0
1889,388.9,0.001
1890,389.0,0.013
1891,389.1,0.144
1892,389.2,1.354
1893,389.3,11.14
1894,389.4,80.43
1895,389.5,509.5
1896,389.6,2832.0
1897,389.7,13810.0
1898,389.8,59070.0
1899,389.9,221800.0
1900,390.0,731200.0
1901,390.1,2117000.0
1902,390.2,5385999.999
1903,390.3,12059999.999
1904,390.4,23829999.998
1905,390.5,41709999.998
1906,390.6,65079999.997
1907,390.7,91419999.997
1908,390.8,117199999.997
1909,390.9,139499999.998
1910,391.0,156299999.999
1911,391.1,165999999.999
1912,391.2,166700000.001
1913,391.3,156000000.002
1914,391.4,133900000.003
1915,391.5,103900000.003
1916,391.6,72010000.003
1917,391.7,44300000.003
1918,391.8,24080000.002
1919,391.9,11530000.001
1920,392.0,4853000.0
1921,392.1,1795000.0
1922,392.2,583600.0
1923,392.3,168100.0
1924,392.4,48820.0
1925,392.5,35260.0
1926,392.6,85280.0
1927,392.7,235100.0
1928,392.8,580000.0
1929,392.9,1259000.0
1930,393.0,2402000.0
1931,393.1,4028000.0
1932,393.2,5934000.0
1933,393.3,7684000.0
1934,393.4,8744000.0
1935,393.5,8744000.0
1936,393.6,7684000.0
1937,393.7,5934000.0
1938,393.8,4028000.0
1939,393.9,2402000.0
1940,394.0,1259000.0
1941,394.1,580000.0
1942,394.2,234800.0
1943,394.3,83510.0
1944,394.4,26110.0
1945,394.5,7173.0
1946,394.6,1732.0
1947,394.7,367.4
1948,394.8,68.5
1949,394.9,11.22
1950,395.0,1.616
1951,395.1,0.205
1952,395.2,0.023
1953,395.3,0.002
1954,395.4,0.0
1955,395.5,0.0
1956,395.6,0.0
1957,395.7,0.0
1958,395.8,0.0
1959,395.9,0.0
1960,396.0,0.0
1961,396.1,0.0
1962,396.2,0.0
1963,396.3,0.0
1964,396.4,0.0
1965,396.5,0.0
1966,396.6,0.0
1967,396.7,0.0
1968,396.8,0.0
1969,396.9,0.0
1970,397.0,0.0
1971,397.1,0.0
1972,397.2,0.0
1973,397.3,0.0
1974,397.4,0.0
1975,397.5,0.0
1976,397.6,0.0
1977,397.7,0.0
1978,397.8,0.0
1979,397.9,0.003
1980,398.0,0.029
1981,398.1,0.248
1982,398.2,1.885
1983,398.3,12.63
1984,398.4,74.68
1985,398.5,389.6
1986,398.6,1793.0
1987,398.7,7284.0
1988,398.8,26110.0
1989,398.9,82550.0
1990,399.0,230400.0
1991,399.1,567200.0
1992,399.2,1232000.0
1993,399.3,2362000.0
1994,399.4,3995000.0
1995,399.5,5963000.0
1996,399.6,7853000.0
1997,399.7,9125000.0
1998,399.8,9356000.0
1999,399.9,8465000.0
2000,400.0,6758000.0
2001,400.1,4760000.0
2002,400.2,2959000.0
2003,400.3,1623000.0
2004,400.4,785300.0
2005,400.5,335300.0
2006,400.6,126400.0
2007,400.7,42140.0
2008,400.8,13120.0
2009,400.9,7182.0
2010,401.0,18380.0
2011,401.1,69190.0
2012,401.2,239100.0
2013,401.3,733500.0
2014,401.4,1997000.0
2015,401.5,4829000.0
2016,401.6,10409999.999
2017,401.7,20059999.999
2018,401.8,34719999.998
2019,401.9,54289999.998
2020,402.0,77159999.997
2021,402.1,100299999.997
2022,402.2,119799999.998
2023,402.3,131699999.999
2024,402.4,133300000.0
2025,402.5,123500000.002
2026,402.6,104300000.003
2027,402.7,79920000.003
2028,402.8,55330000.003
2029,402.9,34730000.002
2030,403.0,20060000.001
2031,403.1,11080000.001
2032,403.2,6276000.0
2033,403.3,3921000.0
2034,403.4,2734000.0
2035,403.5,2021000.0
2036,403.6,1518000.0
2037,403.7,1170000.0
2038,403.8,987100.0
2039,403.9,994300.0
2040,404.0,1228000.0
2041,404.1,1724000.0
2042,404.2,2489000.0
2043,404.3,3474000.0
2044,404.4,4580000.0
2045,404.5,5682000.0
2046,404.6,6653000.0
2047,404.7,7376000.0
2048,404.8,7762000.0
2049,404.9,7803000.0
2050,405.0,7636000.0
2051,405.1,7522000.0
2052,405.2,7720000.0
2053,405.3,8296000.0
2054,405.4,9019000.0
2055,405.5,9453000.0
2056,405.6,9194000.0
2057,405.7,8113000.0
2058,405.8,6421000.0
2059,405.9,4538000.0
2060,406.0,2877000.0
2061,406.1,1684000.0
2062,406.2,1019000.0
2063,406.3,819800.0
2064,406.4,977100.0
2065,406.5,1367000.0
2066,406.6,1849000.0
2067,406.7,2271000.0
2068,406.8,2509000.0
2069,406.9,2515000.0
2070,407.0,2358000.0
2071,407.1,2192000.0
2072,407.2,2191000.0
2073,407.3,2457000.0
2074,407.4,2983000.0
2075,407.5,3675000.0
2076,407.6,4435000.0
2077,407.7,5243000.0
2078,407.8,6179000.0
2079,407.9,7368000.0
2080,408.0,8863000.0
2081,408.1,10530000.0
2082,408.2,12060000.0
2083,408.3,13040000.0
2084,408.4,13220000.0
2085,408.5,12570000.0
2086,408.6,11300000.0
2087,408.7,9696000.0
2088,408.8,7998000.0
2089,408.9,6360000.0
2090,409.0,4894000.0
2091,409.1,3709000.0
2092,409.2,2884000.0
2093,409.3,2427000.0
2094,409.4,2256000.0
2095,409.5,2235000.0
2096,409.6,2231000.0
2097,409.7,2161000.0
2098,409.8,1994000.0
2099,409.9,1741000.0
2100,410.0,1431000.0
2101,410.1,1098000.0
2102,410.2,779900.0
2103,410.3,507800.0
2104,410.4,300400.0
2105,410.5,160300.0
2106,410.6,76820.0
2107,410.7,32920.0
2108,410.8,12590.0
2109,410.9,4287.0
2110,411.0,1299.0
2111,411.1,349.8
2112,411.2,83.74
2113,411.3,17.81
2114,411.4,3.363
2115,411.5,0.569
2116,411.6,0.132
2117,411.7,0.385
2118,411.8,2.61
2119,411.9,16.19
2120,412.0,89.37
2121,412.1,438.9
2122,412.2,1917.0
2123,412.3,7451.0
2124,412.4,25760.0
2125,412.5,79210.0
2126,412.6,216700.0
2127,412.7,527400.0
2128,412.8,1142000.0
2129,412.9,2200000.0
2130,413.0,3773000.0
2131,413.1,5763000.0
2132,413.2,7855000.0
2133,413.3,9595000.0
2134,413.4,10600000.0
2135,413.5,10810000.0
2136,413.6,10540000.0
2137,413.7,10390000.0
2138,413.8,10810000.0
2139,413.9,11830000.0
2140,414.0,13010000.0
2141,414.1,13640000.0
2142,414.2,13200000.0
2143,414.3,11620000.0
2144,414.4,9307000.0
2145,414.5,6874000.0
2146,414.6,4831000.0
2147,414.7,3386000.0
2148,414.8,2474000.0
2149,414.9,1892000.0
2150,415.0,1459000.0
2151,415.1,1078000.0
2152,415.2,738100.0
2153,415.3,462100.0
2154,415.4,271700.0
2155,415.5,174600.0
2156,415.6,171700.0
2157,415.7,267400.0
2158,415.8,470800.0
2159,415.9,780800.0
2160,416.0,1166000.0
2161,416.1,1556000.0
2162,416.2,1851000.0
2163,416.3,1963000.0
2164,416.4,1859000.0
2165,416.5,1581000.0
2166,416.6,1224000.0
2167,416.7,896900.0
2168,416.8,678500.0
2169,416.9,594500.0
2170,417.0,620100.0
2171,417.1,697900.0
2172,417.2,763300.0
2173,417.3,768400.0
2174,417.4,697200.0
2175,417.5,566100.0
2176,417.6,410600.0
2177,417.7,266900.0
2178,417.8,158800.0
2179,417.9,96440.0
2180,418.0,82960.0
2181,418.1,124700.0
2182,418.2,235700.0
2183,418.3,434100.0
2184,418.4,727700.0
2185,418.5,1097000.0
2186,418.6,1485000.0
2187,418.7,1806000.0
2188,418.8,1981000.0
2189,418.9,1968000.0
2190,419.0,1789000.0
2191,419.1,1517000.0
2192,419.2,1232000.0
2193,419.3,991000.0
2194,419.4,805800.0
2195,419.5,660200.0
2196,419.6,532200.0
2197,419.7,414000.0
2198,419.8,316800.0
2199,419.9,264800.0
2200,420.0,285400.0
2201,420.1,400000.0
2202,420.2,614500.0
2203,420.3,908300.0
2204,420.4,1230000.0
2205,420.5,1509000.0
2206,420.6,1683000.0
2207,420.7,1736000.0
2208,420.8,1712000.0
2209,420.9,1698000.0
2210,421.0,1783000.0
2211,421.1,2002000.0
2212,421.2,2328000.0
2213,421.3,2685000.0
2214,421.4,2995000.0
2215,421.5,3203000.0
2216,421.6,3289000.0
2217,421.7,3245000.0
2218,421.8,3072000.0
2219,421.9,2780000.0
2220,422.0,2408000.0
2221,422.1,2028000.0
2222,422.2,1729000.0
2223,422.3,1575000.0
2224,422.4,1579000.0
2225,422.5,1689000.0
2226,422.6,1826000.0
2227,422.7,1928000.0
2228,422.8,1998000.0
2229,422.9,2108000.0
2230,423.0,2367000.0
2231,423.1,2860000.0
2232,423.2,3613000.0
2233,423.3,4599000.0
2234,423.4,5790000.0
2235,423.5,7275000.0
2236,423.6,9532000.0
2237,423.7,14189999.999
2238,423.8,25859999.998
2239,423.9,55699999.994
2240,424.0,126599999.987
2241,424.1,277099999.974
2242,424.2,559199999.953
2243,424.3,1021999999.928
2244,424.4,1677999999.906
2245,424.5,2469999999.896
2246,424.6,3256999999.908
2247,424.7,3845999999.946
2248,424.8,4065000000.0
2249,424.9,3845000000.054
2250,425.0,3256000000.092
2251,425.1,2468000000.106
2252,425.2,1675000000.095
2253,425.3,1017000000.072
2254,425.4,552800000.047
2255,425.5,269000000.027
2256,425.6,117100000.013
2257,425.7,45660000.006
2258,425.8,15930000.002
2259,425.9,4976000.001
2260,426.0,1391000.0
2261,426.1,348100.0
2262,426.2,77970.0
2263,426.3,15630.0
2264,426.4,2805.0
2265,426.5,450.5
2266,426.6,64.78
2267,426.7,8.336
2268,426.8,0.96
2269,426.9,0.099
2270,427.0,0.009
2271,427.1,0.001
2272,427.2,0.0
2273,427.3,0.0
2274,427.4,0.0
2275,427.5,0.003
2276,427.6,0.027
2277,427.7,0.224
2278,427.8,1.662
2279,427.9,11.07
2280,428.0,66.18
2281,428.1,355.0
2282,428.2,1709.0
2283,428.3,7379.0
2284,428.4,28600.0
2285,428.5,99440.0
2286,428.6,310300.0
2287,428.7,868600.0
2288,428.8,2182000.0
2289,428.9,4919000.0
2290,429.0,9948999.999
2291,429.1,18059999.999
2292,429.2,29399999.998
2293,429.3,42969999.998
2294,429.4,56349999.998
2295,429.5,66319999.999
2296,429.6,70120000.0
2297,429.7,66720000.001
2298,429.8,57550000.001
2299,429.9,45970000.001
2300,430.0,36070000.001
2301,430.1,31360000.0
2302,430.2,33819999.999
2303,430.3,43519999.998
2304,430.4,58729999.998
2305,430.5,76809999.998
2306,430.6,96359999.997
2307,430.7,120299999.996
2308,430.8,158699999.993
2309,430.9,229199999.988
2310,431.0,351699999.98
2311,431.1,538299999.971
2312,431.2,780799999.966
2313,431.3,1044999999.966
2314,431.4,1275999999.974
2315,431.5,1424999999.987
2316,431.6,1471000000.0
2317,431.7,1431000000.009
2318,431.8,1357000000.01
2319,431.9,1298000000.005
2320,432.0,1281999999.999
2321,432.1,1299999999.997
2322,432.2,1320999999.998
2323,432.3,1314000000.004
2324,432.4,1261000000.01
2325,432.5,1159000000.017
2326,432.6,1015000000.021
2327,432.7,841700000.024
2328,432.8,655600000.025
2329,432.9,474900000.023
2330,433.0,317100000.019
2331,433.1,193600000.014
2332,433.2,107500000.009
2333,433.3,54060000.005
2334,433.4,24560000.003
2335,433.5,10060000.001
2336,433.6,3710000.001
2337,433.7,1231000.0
2338,433.8,367500.0
2339,433.9,98650.0
2340,434.0,23800.0
2341,434.1,5162.0
2342,434.2,1006.0
2343,434.3,176.3
2344,434.4,27.75
2345,434.5,3.926
2346,434.6,0.499
2347,434.7,0.057
2348,434.8,0.006
2349,434.9,0.001
2350,435.0,0.0
2351,435.1,0.0
2352,435.2,0.0
2353,435.3,0.001
2354,435.4,0.013
2355,435.5,0.121
2356,435.6,1.001
2357,435.7,7.439
2358,435.8,49.79
2359,435.9,300.2
2360,436.0,1631.0
2361,436.1,7978.0
2362,436.2,35160.0
2363,436.3,139600.0
2364,436.4,499300.0
2365,436.5,1609000.0
2366,436.6,4667999.999
2367,436.7,12199999.999
2368,436.8,28739999.997
2369,436.9,60969999.994
2370,437.0,116499999.991
2371,437.1,200599999.987
2372,437.2,311099999.984
2373,437.3,434499999.984
2374,437.4,546799999.987
2375,437.5,619799999.994
2376,437.6,632900000.003
2377,437.7,582100000.011
2378,437.8,482400000.016
2379,437.9,360000000.017
2380,438.0,242100000.015
2381,438.1,146600000.011
2382,438.2,80000000.007
2383,438.3,39320000.004
2384,438.4,17410000.002
2385,438.5,6943000.001
2386,438.6,2496000.0
2387,438.7,815400.0
2388,438.8,270100.0
2389,438.9,196200.0
2390,439.0,483100.0
2391,439.1,1477000.0
2392,439.2,4179999.999
2393,439.3,10689999.999
2394,439.4,24679999.997
2395,439.5,51359999.995
2396,439.6,96399999.992
2397,439.7,163199999.989
2398,439.8,249199999.987
2399,439.9,343199999.987
2400,440.0,426199999.99
2401,440.1,477499999.996
2402,440.2,482400000.003
2403,440.3,439700000.009
2404,440.4,361400000.012
2405,440.5,268100000.013
2406,440.6,180000000.011
2407,440.7,110600000.008
2408,440.8,65560000.004
2409,440.9,44800000.001
2410,441.0,46549999.998
2411,441.1,69579999.995
2412,441.2,112899999.993
2413,441.3,173199999.991
2414,441.4,242199999.991
2415,441.5,306499999.992
2416,441.6,350099999.996
2417,441.7,361000000.001
2418,441.8,336000000.006
2419,441.9,282300000.009
2420,442.0,214000000.01
2421,442.1,146500000.009
2422,442.2,90460000.007
2423,442.3,50430000.004
2424,442.4,25370000.003
2425,442.5,11520000.001
2426,442.6,4722000.001
2427,442.7,1747000.0
2428,442.8,583300.0
2429,442.9,175800.0
2430,443.0,47800.0
2431,443.1,11730.0
2432,443.2,2600.0
2433,443.3,519.9
2434,443.4,93.84
2435,443.5,15.29
2436,443.6,2.247
2437,443.7,0.298
2438,443.8,0.036
2439,443.9,0.004
2440,444.0,0.0
2441,444.1,0.0
2442,444.2,0.0
2443,444.3,0.0
2444,444.4,0.0
2445,444.5,0.0
2446,444.6,0.0
2447,444.7,0.0
2448,444.8,0.0
2449,444.9,0.0
2450,445.0,0.0
2451,445.1,0.0
2452,445.2,0.0
2453,445.3,0.0
2454,445.4,0.0
2455,445.5,0.0
2456,445.6,0.0
2457,445.7,0.0
2458,445.8,0.0
2459,445.9,0.0
2460,446.0,0.0
2461,446.1,0.0
2462,446.2,0.0
2463,446.3,0.0
2464,446.4,0.0
2465,446.5,0.0
2466,446.6,0.0
2467,446.7,0.0
2468,446.8,0.0
2469,446.9,0.0
2470,447.0,0.0
2471,447.1,0.0
2472,447.2,0.0
2473,447.3,0.0
2474,447.4,0.0
2475,447.5,0.0
2476,447.6,0.0
2477,447.7,0.0
2478,447.8,0.0
2479,447.9,0.0
2480,448.0,0.0
2481,448.1,0.0
2482,448.2,0.0
2483,448.3,0.0
2484,448.4,0.0
2485,448.5,0.0
2486,448.6,0.0
2487,448.7,0.0
2488,448.8,0.0
2489,448.9,0.0
2490,449.0,0.0
2491,449.1,0.0
2492,449.2,0.0
2493,449.3,0.0
2494,449.4,0.0
2495,449.5,0.0
2496,449.6,0.0
2497,449.7,0.0
2498,449.8,0.0
2499,449.9,0.0
2500,450.0,0.0
2501,450.1,0.0
2502,450.2,0.0
2503,450.3,0.0
2504,450.4,0.0
2505,450.5,0.0
2506,450.6,0.0
2507,450.7,0.0
2508,450.8,0.0
2509,450.9,0.0
2510,451.0,0.0
2511,451.1,0.0
2512,451.2,0.0
2513,451.3,0.0
2514,451.4,0.0
2515,451.5,0.0
2516,451.6,0.0
2517,451.7,0.0
2518,451.8,0.0
2519,451.9,0.0
2520,452.0,0.0
2521,452.1,0.0
2522,452.2,0.0
2523,452.3,0.001
2524,452.4,0.005
2525,452.5,0.032
2526,452.6,0.192
2527,452.7,1.035
2528,452.8,5.064
2529,452.9,22.53
2530,453.0,91.2
2531,453.1,336.0
2532,453.2,1127.0
2533,453.3,3445.0
2534,453.4,9599.0
2535,453.5,24400.0
2536,453.6,56630.0
2537,453.7,120100.0
2538,453.8,232900.0
2539,453.9,413400.0
2540,454.0,672000.0
2541,454.1,1001000.0
2542,454.2,1367000.0
2543,454.3,1712000.0
2544,454.4,1967000.0
2545,454.5,2071000.0
2546,454.6,2000000.0
2547,454.7,1769000.0
2548,454.8,1433000.0
2549,454.9,1061000.0
2550,455.0,719000.0
2551,455.1,444900.0
2552,455.2,251300.0
2553,455.3,129400.0
2554,455.4,60770.0
2555,455.5,25990.0
2556,455.6,10120.0
2557,455.7,3586.0
2558,455.8,1156.0
2559,455.9,338.7
2560,456.0,90.24
2561,456.1,21.85
2562,456.2,4.807
2563,456.3,0.961
2564,456.4,0.174
2565,456.5,0.029
2566,456.6,0.004
2567,456.7,0.001
2568,456.8,0.0
2569,456.9,0.0
2570,457.0,0.0
2571,457.1,0.0
2572,457.2,0.0
2573,457.3,0.0
2574,457.4,0.0
2575,457.5,0.0
2576,457.6,0.0
2577,457.7,0.0
2578,457.8,0.0
2579,457.9,0.0
2580,458.0,0.0
2581,458.1,0.0
2582,458.2,0.0
2583,458.3,0.0
2584,458.4,0.0
2585,458.5,0.0
2586,458.6,0.0
2587,458.7,0.0
2588,458.8,0.0
2589,458.9,0.0
2590,459.0,0.0
2591,459.1,0.0
2592,459.2,0.0
2593,459.3,0.0
2594,459.4,0.0
2595,459.5,0.0
2596,459.6,0.0
2597,459.7,0.0
2598,459.8,0.0
2599,459.9,0.0
2600,460.0,0.0
2601,460.1,0.0
2602,460.2,0.0
2603,460.3,0.0
2604,460.4,0.0
2605,460.5,0.0
2606,460.6,0.0
2607,460.7,0.0
2608,460.8,0.0
2609,460.9,0.0
2610,461.0,0.0
2611,461.1,0.0
2612,461.2,0.0
2613,461.3,0.0
2614,461.4,0.0
2615,461.5,0.0
2616,461.6,0.0
2617,461.7,0.0
2618,461.8,0.0
2619,461.9,0.0
2620,462.0,0.0
2621,462.1,0.0
2622,462.2,0.0
2623,462.3,0.0
2624,462.4,0.0
2625,462.5,0.0
2626,462.6,0.0
2627,462.7,0.0
2628,462.8,0.0
2629,462.9,0.0
2630,463.0,0.0
2631,463.1,0.0
2632,463.2,0.0
2633,463.3,0.0
2634,463.4,0.0
2635,463.5,0.0
2636,463.6,0.0
2637,463.7,0.0
2638,463.8,0.0
2639,463.9,0.0
2640,464.0,0.0
2641,464.1,0.0
2642,464.2,0.0
2643,464.3,0.0
2644,464.4,0.0
2645,464.5,0.0
2646,464.6,0.0
2647,464.7,0.0
2648,464.8,0.001
2649,464.9,0.011
2650,465.0,0.083
2651,465.1,0.578
2652,465.2,3.683
2653,465.3,21.39
2654,465.4,113.4
2655,465.5,548.5
2656,465.6,2420.0
2657,465.7,9746.0
2658,465.8,35800.0
2659,465.9,120000.0
2660,466.0,367100.0
2661,466.1,1025000.0
2662,466.2,2609000.0
2663,466.3,6061999.999
2664,466.4,12849999.999
2665,466.5,24859999.998
2666,466.6,43879999.997
2667,466.7,70669999.995
2668,466.8,103799999.995
2669,466.9,139199999.995
2670,467.0,170299999.996
2671,467.1,190099999.998
2672,467.2,193600000.001
2673,467.3,180000000.003
2674,467.4,152600000.005
2675,467.5,118100000.005
2676,467.6,83340000.005
2677,467.7,53680000.004
2678,467.8,31550000.003
2679,467.9,16920000.002
2680,468.0,8278000.001
2681,468.1,3696000.0
2682,468.2,1506000.0
2683,468.3,559600.0
2684,468.4,189800.0
2685,468.5,58730.0
2686,468.6,16580.0
2687,468.7,4272.0
2688,468.8,1004.0
2689,468.9,215.5
2690,469.0,42.77
2691,469.1,10.6
2692,469.2,15.23
2693,469.3,58.51
2694,469.4,222.5
2695,469.5,777.6
2696,469.6,2492.0
2697,469.7,7326.0
2698,469.8,19780.0
2699,469.9,49070.0
2700,470.0,112000.0
2701,470.1,235500.0
2702,470.2,456700.0
2703,470.3,817500.0
2704,470.4,1353000.0
2705,470.5,2074000.0
2706,470.6,2946000.0
2707,470.7,3886000.0
2708,470.8,4767000.0
2709,470.9,5449000.0
2710,471.0,5819000.0
2711,471.1,5825000.0
2712,471.2,5491000.0
2713,471.3,4906000.0
2714,471.4,4190000.0
2715,471.5,3459000.0
2716,471.6,2796000.0
2717,471.7,2248000.0
2718,471.8,1822000.0
2719,471.9,1508000.0
2720,472.0,1287000.0
2721,472.1,1157000.0
2722,472.2,1141000.0
2723,472.3,1298000.0
2724,472.4,1710000.0
2725,472.5,2455000.0
2726,472.6,3564000.0
2727,472.7,4986000.0
2728,472.8,6582000.0
2729,472.9,8159000.0
2730,473.0,9543000.0
2731,473.1,10660000.0
2732,473.2,11550000.0
2733,473.3,12400000.0
2734,473.4,13410000.0
2735,473.5,14780000.0
2736,473.6,16630000.0
2737,473.7,19000000.0
2738,473.8,21880000.0
2739,473.9,25159999.999
2740,474.0,28599999.999
2741,474.1,31850000.0
2742,474.2,34380000.0
2743,474.3,35640000.0
2744,474.4,35150000.0
2745,474.5,32750000.001
2746,474.6,28650000.001
2747,474.7,23420000.001
2748,474.8,17840000.001
2749,474.9,12660000.001
2750,475.0,8401000.001
2751,475.1,5279000.0
2752,475.2,3228000.0
2753,475.3,2011000.0
2754,475.4,1343000.0
2755,475.5,978700.0
2756,475.6,753200.0
2757,475.7,579700.0
2758,475.8,427700.0
2759,475.9,295100.0
2760,476.0,188200.0
2761,476.1,110300.0
2762,476.2,59300.0
2763,476.3,29200.0
2764,476.4,13170.0
2765,476.5,5451.0
2766,476.6,2114.0
2767,476.7,919.2
2768,476.8,888.2
2769,476.9,1994.0
2770,477.0,5158.0
2771,477.1,12550.0
2772,477.2,28080.0
2773,477.3,57540.0
2774,477.4,108000.0
2775,477.5,185900.0
2776,477.6,293000.0
2777,477.7,423100.0
2778,477.8,559800.0
2779,477.9,678700.0
2780,478.0,753900.0
2781,478.1,767200.0
2782,478.2,715300.0
2783,478.3,611100.0
2784,478.4,478300.0
2785,478.5,343000.0
2786,478.6,225400.0
2787,478.7,135700.0
2788,478.8,74820.0
2789,478.9,37810.0
2790,479.0,17510.0
2791,479.1,7426.0
2792,479.2,2886.0
2793,479.3,1028.0
2794,479.4,335.3
2795,479.5,100.2
2796,479.6,27.45
2797,479.7,6.889
2798,479.8,1.584
2799,479.9,0.334
2800,480.0,0.064
2801,480.1,0.011
2802,480.2,0.002
2803,480.3,0.0
2804,480.4,0.0
2805,480.5,0.0
2806,480.6,0.0
2807,480.7,0.0
2808,480.8,0.0
2809,480.9,0.0
2810,481.0,0.0
2811,481.1,0.0
2812,481.2,0.0
2813,481.3,0.0
2814,481.4,0.0
2815,481.5,0.0
2816,481.6,0.0
2817,481.7,0.0
2818,481.8,0.0
2819,481.9,0.0
2820,482.0,0.0
2821,482.1,0.0
2822,482.2,0.0
2823,482.3,0.0
2824,482.4,0.0
2825,482.5,0.0
2826,482.6,0.0
2827,482.7,0.0
2828,482.8,0.0
2829,482.9,0.0
2830,483.0,0.0
2831,483.1,0.0
2832,483.2,0.0
2833,483.3,0.0
2834,483.4,0.0
2835,483.5,0.0
2836,483.6,0.0
2837,483.7,0.0
2838,483.8,0.0
2839,483.9,0.0
2840,484.0,0.0
2841,484.1,0.0
2842,484.2,0.0
2843,484.3,0.0
2844,484.4,0.0
2845,484.5,0.0
2846,484.6,0.0
2847,484.7,0.0
2848,484.8,0.0
2849,484.9,0.0
2850,485.0,0.0
2851,485.1,0.0
2852,485.2,0.0
2853,485.3,0.0
2854,485.4,0.0
2855,485.5,0.0
2856,485.6,0.0
2857,485.7,0.0
2858,485.8,0.0
2859,485.9,0.0
2860,486.0,0.0
2861,486.1,0.0
2862,486.2,0.0
2863,486.3,0.0
2864,486.4,0.0
2865,486.5,0.0
2866,486.6,0.0
2867,486.7,0.0
2868,486.8,0.0
2869,486.9,0.0
2870,487.0,0.0
2871,487.1,0.0
2872,487.2,0.0
2873,487.3,0.0
2874,487.4,0.0
2875,487.5,0.0
2876,487.6,0.0
2877,487.7,0.0
2878,487.8,0.0
2879,487.9,0.0
2880,488.0,0.0
2881,488.1,0.0
2882,488.2,0.0
2883,488.3,0.0
2884,488.4,0.0
2885,488.5,0.0
2886,488.6,0.0
2887,488.7,0.0
2888,488.8,0.0
2889,488.9,0.0
2890,489.0,0.001
2891,489.1,0.009
2892,489.2,0.051
2893,489.3,0.276
2894,489.4,1.39
2895,489.5,6.437
2896,489.6,27.44
2897,489.7,107.7
2898,489.8,389.0
2899,489.9,1293.0
2900,490.0,3959.0
2901,490.1,11150.0
2902,490.2,28920.0
2903,490.3,69030.0
2904,490.4,151700.0
2905,490.5,306800.0
2906,490.6,571100.0
2907,490.7,978600.0
2908,490.8,1544000.0
2909,490.9,2241000.0
2910,491.0,2995000.0
2911,491.1,3686000.0
2912,491.2,4177000.0
2913,491.3,4364000.0
2914,491.4,4212000.0
2915,491.5,3784000.0
2916,491.6,3221000.0
2917,491.7,2711000.0
2918,491.8,2446000.0
2919,491.9,2572000.0
2920,492.0,3163000.0
2921,492.1,4188000.0
2922,492.2,5505000.0
2923,492.3,6869000.0
2924,492.4,7981000.0
2925,492.5,8576000.0
2926,492.6,8499000.0
2927,492.7,7760000.0
2928,492.8,6525000.0
2929,492.9,5054000.0
2930,493.0,3604000.0
2931,493.1,2367000.0
2932,493.2,1431000.0
2933,493.3,797200.0
2934,493.4,408800.0
2935,493.5,193100.0
2936,493.6,83970.0
2937,493.7,33630.0
2938,493.8,12400.0
2939,493.9,4211.0
2940,494.0,1317.0
2941,494.1,379.3
2942,494.2,100.6
2943,494.3,24.56
2944,494.4,5.523
2945,494.5,1.144
2946,494.6,0.218
2947,494.7,0.038
2948,494.8,0.006
2949,494.9,0.001
2950,495.0,0.0
2951,495.1,0.0
2952,495.2,0.001
2953,495.3,0.006
2954,495.4,0.035
2955,495.5,0.187
2956,495.6,0.912
2957,495.7,4.1
2958,495.8,17.0
2959,495.9,65.0
2960,496.0,229.3
2961,496.1,746.0
2962,496.2,2239.0
2963,496.3,6199.0
2964,496.4,15830.0
2965,496.5,37290.0
2966,496.6,81060.0
2967,496.7,162600.0
2968,496.8,301100.0
2969,496.9,515000.0
2970,497.0,814500.0
2971,497.1,1193000.0
2972,497.2,1624000.0
2973,497.3,2063000.0
2974,497.4,2465000.0
2975,497.5,2802000.0
2976,497.6,3077000.0
2977,497.7,3320000.0
2978,497.8,3570000.0
2979,497.9,3846000.0
2980,498.0,4126000.0
2981,498.1,4351000.0
2982,498.2,4449000.0
2983,498.3,4365000.0
2984,498.4,4094000.0
2985,498.5,3685000.0
2986,498.6,3235000.0
2987,498.7,2853000.0
2988,498.8,2633000.0
2989,498.9,2619000.0
2990,499.0,2795000.0
2991,499.1,3083000.0
2992,499.2,3368000.0
2993,499.3,3536000.0
2994,499.4,3506000.0
2995,499.5,3258000.0
2996,499.6,2827000.0
2997,499.7,2288000.0
2998,499.8,1729000.0
2999,499.9,1220000.0
3000,500.0,805500.0
3001,500.1,497900.0
3002,500.2,288400.0
3003,500.3,156600.0
3004,500.4,79720.0
3005,500.5,38170.0
3006,500.6,17560.0
3007,500.7,8847.0
3008,500.8,7520.0
3009,500.9,12820.0
3010,501.0,27490.0
3011,501.1,57920.0
3012,501.2,114200.0
3013,501.3,209600.0
3014,501.4,357700.0
3015,501.5,568900.0
3016,501.6,846000.0
3017,501.7,1183000.0
3018,501.8,1572000.0
3019,501.9,2031000.0
3020,502.0,2658000.0
3021,502.1,3729000.0
3022,502.2,5833999.999
3023,502.3,10029999.999
3024,502.4,17929999.998
3025,502.5,31609999.997
3026,502.6,53119999.996
3027,502.7,83659999.994
3028,502.8,122599999.993
3029,502.9,166399999.992
3030,503.0,208999999.993
3031,503.1,242699999.995
3032,503.2,260499999.999
3033,503.3,258400000.002
3034,503.4,236900000.005
3035,503.5,200700000.007
3036,503.6,157100000.008
3037,503.7,113600000.007
3038,503.8,75970000.006
3039,503.9,46930000.004
3040,504.0,26790000.003
3041,504.1,14130000.002
3042,504.2,6887000.001
3043,504.3,3102000.0
3044,504.4,1291000.0
3045,504.5,496500.0
3046,504.6,176500.0
3047,504.7,57950.0
3048,504.8,17600.0
3049,504.9,4969.0
3050,505.0,1412.0
3051,505.1,744.9
3052,505.2,1398.0
3053,505.3,3745.0
3054,505.4,9689.0
3055,505.5,23280.0
3056,505.6,51820.0
3057,505.7,106800.0
3058,505.8,204200.0
3059,505.9,361900.0
3060,506.0,595700.0
3061,506.1,912400.0
3062,506.2,1303000.0
3063,506.3,1743000.0
3064,506.4,2193000.0
3065,506.5,2614000.0
3066,506.6,2976000.0
3067,506.7,3267000.0
3068,506.8,3488000.0
3069,506.9,3650000.0
3070,507.0,3764000.0
3071,507.1,3850000.0
3072,507.2,3944000.0
3073,507.3,4124000.0
3074,507.4,4521000.0
3075,507.5,5330000.0
3076,507.6,6796000.0
3077,507.7,9172999.999
3078,507.8,12659999.999
3079,507.9,17299999.999
3080,508.0,22909999.999
3081,508.1,28999999.999
3082,508.2,34889999.999
3083,508.3,39759999.999
3084,508.4,42870000.0
3085,508.5,43760000.0
3086,508.6,42300000.0
3087,508.7,38750000.001
3088,508.8,33660000.001
3089,508.9,27720000.001
3090,509.0,21670000.001
3091,509.1,16130000.001
3092,509.2,11540000.001
3093,509.3,8129000.0
3094,509.4,5905000.0
3095,509.5,4726000.0
3096,509.6,4354000.0
3097,509.7,4505000.0
3098,509.8,4904000.0
3099,509.9,5311000.0
3100,510.0,5547000.0
3101,510.1,5507000.0
3102,510.2,5164000.0
3103,510.3,4557000.0
3104,510.4,3778000.0
3105,510.5,2939000.0
3106,510.6,2141000.0
3107,510.7,1460000.0
3108,510.8,930500.0
3109,510.9,553700.0
3110,511.0,307300.0
3111,511.1,159000.0
3112,511.2,76590.0
3113,511.3,34340.0
3114,511.4,14320.0
3115,511.5,5551.0
3116,511.6,1999.0
3117,511.7,668.7
3118,511.8,207.7
3119,511.9,59.86
3120,512.0,16.01
3121,512.1,3.972
3122,512.2,0.914
3123,512.3,0.195
3124,512.4,0.039
3125,512.5,0.007
3126,512.6,0.001
3127,512.7,0.0
3128,512.8,0.0
3129,512.9,0.0
3130,513.0,0.0
3131,513.1,0.0
3132,513.2,0.0
3133,513.3,0.0
3134,513.4,0.0
3135,513.5,0.0
3136,513.6,0.0
3137,513.7,0.0
3138,513.8,0.0
3139,513.9,0.0
3140,514.0,0.0
3141,514.1,0.0
3142,514.2,0.0
3143,514.3,0.0
3144,514.4,0.0
3145,514.5,0.0
3146,514.6,0.0
3147,514.7,0.0
3148,514.8,0.0
3149,514.9,0.0
3150,515.0,0.0
3151,515.1,0.0
3152,515.2,0.0
3153,515.3,0.0
3154,515.4,0.0
3155,515.5,0.0
3156,515.6,0.0
3157,515.7,0.0
3158,515.8,0.0
3159,515.9,0.0
3160,516.0,0.0
3161,516.1,0.0
3162,516.2,0.0
3163,516.3,0.0
3164,516.4,0.0
3165,516.5,0.0
3166,516.6,0.0
3167,516.7,0.0
3168,516.8,0.0
3169,516.9,0.0
3170,517.0,0.0
3171,517.1,0.0
3172,517.2,0.0
3173,517.3,0.0
3174,517.4,0.0
3175,517.5,0.0
3176,517.6,0.0
3177,517.7,0.0
3178,517.8,0.0
3179,517.9,0.0
3180,518.0,0.0
3181,518.1,0.0
3182,518.2,0.0
3183,518.3,0.0
3184,518.4,0.0
3185,518.5,0.0
3186,518.6,0.0
3187,518.7,0.0
3188,518.8,0.0
3189,518.9,0.0
3190,519.0,0.0
3191,519.1,0.0
3192,519.2,0.0
3193,519.3,0.0
3194,519.4,0.0
3195,519.5,0.0
3196,519.6,0.0
3197,519.7,0.0
3198,519.8,0.0
3199,519.9,0.0
3200,520.0,0.0
3201,520.1,0.0
3202,520.2,0.0
3203,520.3,0.0
3204,520.4,0.0
3205,520.5,0.0
3206,520.6,0.0
3207,520.7,0.0
3208,520.8,0.0
3209,520.9,0.0
3210,521.0,0.0
3211,521.1,0.0
3212,521.2,0.0
3213,521.3,0.0
3214,521.4,0.0
3215,521.5,0.001
3216,521.6,0.007
3217,521.7,0.044
3218,521.8,0.251
3219,521.9,1.319
3220,522.0,6.45
3221,522.1,29.32
3222,522.2,124.0
3223,522.3,487.2
3224,522.4,1780.0
3225,522.5,6049.0
3226,522.6,19110.0
3227,522.7,56130.0
3228,522.8,153300.0
3229,522.9,389300.0
3230,523.0,919100.0
3231,523.1,2018000.0
3232,523.2,4117999.999
3233,523.3,7815999.999
3234,523.4,13789999.999
3235,523.5,22629999.998
3236,523.6,34509999.998
3237,523.7,48949999.997
3238,523.8,64549999.997
3239,523.9,79149999.998
3240,524.0,90229999.998
3241,524.1,95640000.0
3242,524.2,94260000.001
3243,524.3,86370000.002
3244,524.4,73590000.003
3245,524.5,58290000.003
3246,524.6,42940000.003
3247,524.7,29400000.002
3248,524.8,18720000.002
3249,524.9,11080000.001
3250,525.0,6102000.001
3251,525.1,3123000.0
3252,525.2,1486000.0
3253,525.3,657600.0
3254,525.4,270500.0
3255,525.5,103500.0
3256,525.6,36800.0
3257,525.7,12170.0
3258,525.8,3741.0
3259,525.9,1070.0
3260,526.0,284.3
3261,526.1,70.25
3262,526.2,16.14
3263,526.3,3.449
3264,526.4,0.685
3265,526.5,0.127
3266,526.6,0.022
3267,526.7,0.003
3268,526.8,0.001
3269,526.9,0.0
3270,527.0,0.0
3271,527.1,0.0
3272,527.2,0.0
3273,527.3,0.0
3274,527.4,0.0
3275,527.5,0.0
3276,527.6,0.0
3277,527.7,0.0
3278,527.8,0.0
3279,527.9,0.0
3280,528.0,0.0
3281,528.1,0.0
3282,528.2,0.0
3283,528.3,0.0
3284,528.4,0.0
3285,528.5,0.0
3286,528.6,0.0
3287,528.7,0.0
3288,528.8,0.0
3289,528.9,0.0
3290,529.0,0.0
3291,529.1,0.0
3292,529.2,0.0
3293,529.3,0.0
3294,529.4,0.0
3295,529.5,0.0
3296,529.6,0.0
3297,529.7,0.0
3298,529.8,0.0
3299,529.9,0.0
3300,530.0,0.0
3301,530.1,0.0
3302,530.2,0.0
3303,530.3,0.0
3304,530.4,0.0
3305,530.5,0.0
3306,530.6,0.0
3307,530.7,0.0
3308,530.8,0.0
3309,530.9,0.001
3310,531.0,0.004
3311,531.1,0.019
3312,531.2,0.087
3313,531.3,0.377
3314,531.4,1.517
3315,531.5,5.689
3316,531.6,19.89
3317,531.7,64.81
3318,531.8,196.8
3319,531.9,557.3
3320,532.0,1471.0
3321,532.1,3618.0
3322,532.2,8297.0
3323,532.3,17740.0
3324,532.4,35350.0
3325,532.5,65710.0
3326,532.6,113900.0
3327,532.7,184400.0
3328,532.8,278900.0
3329,532.9,395000.0
3330,533.0,525200.0
3331,533.1,659400.0
3332,533.2,788300.0
3333,533.3,908800.0
3334,533.4,1027000.0
3335,533.5,1160000.0
3336,533.6,1325000.0
3337,533.7,1536000.0
3338,533.8,1792000.0
3339,533.9,2071000.0
3340,534.0,2342000.0
3341,534.1,2575000.0
3342,534.2,2758000.0
3343,534.3,2909000.0
3344,534.4,3080000.0
3345,534.5,3335000.0
3346,534.6,3732000.0
3347,534.7,4293000.0
3348,534.8,5000000.0
3349,534.9,5795000.0
3350,535.0,6607000.0
3351,535.1,7380000.0
3352,535.2,8082000.0
3353,535.3,8703000.0
3354,535.4,9225000.0
3355,535.5,9603000.0
3356,535.6,9754000.0
3357,535.7,9585000.0
3358,535.8,9032000.0
3359,535.9,8098000.0
3360,536.0,6866000.0
3361,536.1,5481000.0
3362,536.2,4106000.0
3363,536.3,2884000.0
3364,536.4,1900000.0
3365,536.5,1184000.0
3366,536.6,721200.0
3367,536.7,473600.0
3368,536.8,404100.0
3369,536.9,486200.0
3370,537.0,705200.0
3371,537.1,1050000.0
3372,537.2,1499000.0
3373,537.3,2013000.0
3374,537.4,2528000.0
3375,537.5,2963000.0
3376,537.6,3242000.0
3377,537.7,3310000.0
3378,537.8,3155000.0
3379,537.9,2807000.0
3380,538.0,2335000.0
3381,538.1,1824000.0
3382,538.2,1353000.0
3383,538.3,989800.0
3384,538.4,777600.0
3385,538.5,746100.0
3386,538.6,914400.0
3387,538.7,1291000.0
3388,538.8,1870000.0
3389,538.9,2613000.0
3390,539.0,3446000.0
3391,539.1,4257000.0
3392,539.2,4916000.0
3393,539.3,5302000.0
3394,539.4,5338000.0
3395,539.5,5018000.0
3396,539.6,4403000.0
3397,539.7,3607000.0
3398,539.8,2759000.0
3399,539.9,1970000.0
3400,540.0,1313000.0
3401,540.1,817100.0
3402,540.2,474700.0
3403,540.3,257700.0
3404,540.4,131100.0
3405,540.5,63490.0
3406,540.6,31490.0
3407,540.7,20390.0
3408,540.8,22600.0
3409,540.9,35550.0
3410,541.0,59590.0
3411,541.1,96030.0
3412,541.2,145400.0
3413,541.3,206200.0
3414,541.4,273400.0
3415,541.5,339600.0
3416,541.6,396200.0
3417,541.7,436000.0
3418,541.8,456500.0
3419,541.9,461400.0
3420,542.0,460700.0
3421,542.1,468100.0
3422,542.2,496900.0
3423,542.3,556600.0
3424,542.4,649800.0
3425,542.5,772500.0
3426,542.6,915200.0
3427,542.7,1067000.0
3428,542.8,1216000.0
3429,542.9,1355000.0
3430,543.0,1477000.0
3431,543.1,1579000.0
3432,543.2,1658000.0
3433,543.3,1714000.0
3434,543.4,1747000.0
3435,543.5,1766000.0
3436,543.6,1781000.0
3437,543.7,1809000.0
3438,543.8,1869000.0
3439,543.9,1980000.0
3440,544.0,2159000.0
3441,544.1,2416000.0
3442,544.2,2755000.0
3443,544.3,3160000.0
3444,544.4,3602000.0
3445,544.5,4032000.0
3446,544.6,4390000.0
3447,544.7,4624000.0
3448,544.8,4696000.0
3449,544.9,4598000.0
3450,545.0,4349000.0
3451,545.1,3987000.0
3452,545.2,3557000.0
3453,545.3,3099000.0
3454,545.4,2641000.0
3455,545.5,2202000.0
3456,545.6,1793000.0
3457,545.7,1421000.0
3458,545.8,1094000.0
3459,545.9,818000.0
3460,546.0,598400.0
3461,546.1,438700.0
3462,546.2,340300.0
3463,546.3,302900.0
3464,546.4,324200.0
3465,546.5,400000.0
3466,546.6,522900.0
3467,546.7,681700.0
3468,546.8,861300.0
3469,546.9,1044000.0
3470,547.0,1211000.0
3471,547.1,1349000.0
3472,547.2,1458000.0
3473,547.3,1553000.0
3474,547.4,1675000.0
3475,547.5,1891000.0
3476,547.6,2284000.0
3477,547.7,2944000.0
3478,547.8,3934000.0
3479,547.9,5268000.0
3480,548.0,6882000.0
3481,548.1,8629000.0
3482,548.2,10290000.0
3483,548.3,11620000.0
3484,548.4,12390000.0
3485,548.5,12480000.0
3486,548.6,11870000.0
3487,548.7,10640000.0
3488,548.8,9001000.0
3489,548.9,7182000.0
3490,549.0,5403000.0
3491,549.1,3831000.0
3492,549.2,2559000.0
3493,549.3,1610000.0
3494,549.4,953200.0
3495,549.5,530800.0
3496,549.6,277900.0
3497,549.7,136700.0
3498,549.8,63310.0
3499,549.9,27940.0
3500,550.0,12790.0
3501,550.1,8766.0
3502,550.2,13090.0
3503,550.3,28260.0
3504,550.4,62510.0
3505,550.5,131300.0
3506,550.6,258900.0
3507,550.7,478800.0
3508,550.8,830700.0
3509,550.9,1353000.0
3510,551.0,2074000.0
3511,551.1,2998000.0
3512,551.2,4110000.0
3513,551.3,5387000.0
3514,551.4,6850000.0
3515,551.5,8645000.0
3516,551.6,11159999.999
3517,551.7,15159999.999
3518,551.8,21919999.998
3519,551.9,33289999.997
3520,552.0,51549999.996
3521,552.1,78989999.993
3522,552.2,117199999.991
3523,552.3,166199999.989
3524,552.4,223299999.988
3525,552.5,282999999.988
3526,552.6,337299999.99
3527,552.7,377699999.994
3528,552.8,396699999.999
3529,552.9,390700000.004
3530,553.0,360700000.008
3531,553.1,312100000.011
3532,553.2,252900000.012
3533,553.3,192100000.012
3534,553.4,136700000.01
3535,553.5,91120000.008
3536,553.6,56960000.006
3537,553.7,33420000.004
3538,553.8,18470000.002
3539,553.9,9693000.001
3540,554.0,4925000.001
3541,554.1,2523000.0
3542,554.2,1393000.0
3543,554.3,882100.0
3544,554.4,639400.0
3545,554.5,498200.0
3546,554.6,390800.0
3547,554.7,296600.0
3548,554.8,213700.0
3549,554.9,145100.0
3550,555.0,92440.0
3551,555.1,55240.0
3552,555.2,30940.0
3553,555.3,16240.0
3554,555.4,7987.0
3555,555.5,3681.0
3556,555.6,1589.0
3557,555.7,642.9
3558,555.8,243.7
3559,555.9,86.56
3560,556.0,28.81
3561,556.1,8.982
3562,556.2,2.624
3563,556.3,0.718
3564,556.4,0.184
3565,556.5,0.044
3566,556.6,0.01
3567,556.7,0.002
3568,556.8,0.0
3569,556.9,0.0
3570,557.0,0.0
3571,557.1,0.0
3572,557.2,0.0
3573,557.3,0.0
3574,557.4,0.0
3575,557.5,0.0
3576,557.6,0.0
3577,557.7,0.0
3578,557.8,0.0
3579,557.9,0.0
3580,558.0,0.0
3581,558.1,0.0
3582,558.2,0.0
3583,558.3,0.0
3584,558.4,0.0
3585,558.5,0.0
3586,558.6,0.0
3587,558.7,0.0
3588,558.8,0.0
3589,558.9,0.0
3590,559.0,0.0
3591,559.1,0.0
3592,559.2,0.0
3593,559.3,0.0
3594,559.4,0.0
3595,559.5,0.0
3596,559.6,0.0
3597,559.7,0.0
3598,559.8,0.0
3599,559.9,0.0
3600,560.0,0.0
3601,560.1,0.0
3602,560.2,0.0
3603,560.3,0.0
3604,560.4,0.0
3605,560.5,0.0
3606,560.6,0.0
3607,560.7,0.0
3608,560.8,0.0
3609,560.9,0.0
3610,561.0,0.0
3611,561.1,0.0
3612,561.2,0.0
3613,561.3,0.0
3614,561.4,0.0
3615,561.5,0.001
3616,561.6,0.008
3617,561.7,0.04
3618,561.8,0.194
3619,561.9,0.88
3620,562.0,3.754
3621,562.1,15.05
3622,562.2,56.64
3623,562.3,200.2
3624,562.4,664.5
3625,562.5,2072.0
3626,562.6,6065.0
3627,562.7,16670.0
3628,562.8,43050.0
3629,562.9,104400.0
3630,563.0,237700.0
3631,563.1,508300.0
3632,563.2,1021000.0
3633,563.3,1925000.0
3634,563.4,3410000.0
3635,563.5,5671999.999
3636,563.6,8858999.999
3637,563.7,12999999.999
3638,563.8,17899999.999
3639,563.9,23159999.999
3640,564.0,28139999.999
3641,564.1,32109999.999
3642,564.2,34420000.0
3643,564.3,34650000.0
3644,564.4,32790000.001
3645,564.5,29200000.001
3646,564.6,24600000.001
3647,564.7,19830000.001
3648,564.8,15790000.001
3649,564.9,13330000.0
3650,565.0,13170000.0
3651,565.1,15959999.999
3652,565.2,22209999.998
3653,565.3,32189999.998
3654,565.4,45719999.997
3655,565.5,61949999.996
3656,565.6,79289999.996
3657,565.7,95529999.997
3658,565.8,108199999.998
3659,565.9,115199999.999
3660,566.0,115200000.001
3661,566.1,108300000.002
3662,566.2,95800000.003
3663,566.3,79790000.004
3664,566.4,62820000.003
3665,566.5,47140000.003
3666,566.6,34310000.002
3667,566.7,25080000.002
3668,566.8,19430000.001
3669,566.9,16790000.0
3670,567.0,16280000.0
3671,567.1,16940000.0
3672,567.2,17900000.0
3673,567.3,18520000.0
3674,567.4,18480000.0
3675,567.5,17760000.0
3676,567.6,16700000.0
3677,567.7,15810000.0
3678,567.8,15710000.0
3679,567.9,16970000.0
3680,568.0,19909999.999
3681,568.1,24549999.999
3682,568.2,30499999.999
3683,568.3,37039999.999
3684,568.4,43179999.999
3685,568.5,47889999.999
3686,568.6,50330000.0
3687,568.7,50040000.0
3688,568.8,47050000.001
3689,568.9,41840000.001
3690,569.0,35240000.001
3691,569.1,28190000.001
3692,569.2,21530000.001
3693,569.3,15930000.001
3694,569.4,11730000.001
3695,569.5,9048000.0
3696,569.6,7756000.0
3697,569.7,7585000.0
3698,569.8,8178000.0
3699,569.9,9144000.0
3700,570.0,10110000.0
3701,570.1,10790000.0
3702,570.2,11000000.0
3703,570.3,10720000.0
3704,570.4,10050000.0
3705,570.5,9199000.0
3706,570.6,8412000.0
3707,570.7,7893000.0
3708,570.8,7756000.0
3709,570.9,7995000.0
3710,571.0,8499000.0
3711,571.1,9081000.0
3712,571.2,9538000.0
3713,571.3,9702000.0
3714,571.4,9481000.0
3715,571.5,8875000.0
3716,571.6,7960000.0
3717,571.7,6864000.0
3718,571.8,5724000.0
3719,571.9,4656000.0
3720,572.0,3737000.0
3721,572.1,3000000.0
3722,572.2,2442000.0
3723,572.3,2034000.0
3724,572.4,1735000.0
3725,572.5,1505000.0
3726,572.6,1309000.0
3727,572.7,1124000.0
3728,572.8,939800.0
3729,572.9,756600.0
3730,573.0,582200.0
3731,573.1,425800.0
3732,573.2,295100.0
3733,573.3,193200.0
3734,573.4,119400.0
3735,573.5,69530.0
3736,573.6,38150.0
3737,573.7,19710.0
3738,573.8,9583.0
3739,573.9,4386.0
3740,574.0,1889.0
3741,574.1,765.6
3742,574.2,291.9
3743,574.3,104.7
3744,574.4,35.36
3745,574.5,11.23
3746,574.6,3.355
3747,574.7,0.943
3748,574.8,0.25
3749,574.9,0.062
3750,575.0,0.015
3751,575.1,0.003
3752,575.2,0.001
3753,575.3,0.0
3754,575.4,0.0
3755,575.5,0.0
3756,575.6,0.0
3757,575.7,0.0
3758,575.8,0.0
3759,575.9,0.0
3760,576.0,0.0
3761,576.1,0.0
3762,576.2,0.0
3763,576.3,0.0
3764,576.4,0.0
3765,576.5,0.0
3766,576.6,0.0
3767,576.7,0.0
3768,576.8,0.0
3769,576.9,0.0
3770,577.0,0.0
3771,577.1,0.0
3772,577.2,0.0
3773,577.3,0.0
3774,577.4,0.0
3775,577.5,0.0
3776,577.6,0.0
3777,577.7,0.0
3778,577.8,0.0
3779,577.9,0.0
3780,578.0,0.0
3781,578.1,0.0
3782,578.2,0.0
3783,578.3,0.0
3784,578.4,0.0
3785,578.5,0.0
3786,578.6,0.0
3787,578.7,0.0
3788,578.8,0.0
3789,578.9,0.0
3790,579.0,0.0
3791,579.1,0.0
3792,579.2,0.0
3793,579.3,0.0
3794,579.4,0.0
3795,579.5,0.0
3796,579.6,0.0
3797,579.7,0.0
3798,579.8,0.0
3799,579.9,0.0
3800,580.0,0.0
3801,580.1,0.0
3802,580.2,0.0
3803,580.3,0.0
3804,580.4,0.0
3805,580.5,0.0
3806,580.6,0.0
3807,580.7,0.0
3808,580.8,0.0
3809,580.9,0.0
3810,581.0,0.0
3811,581.1,0.0
3812,581.2,0.0
3813,581.3,0.0
3814,581.4,0.0
3815,581.5,0.0
3816,581.6,0.0
3817,581.7,0.0
3818,581.8,0.0
3819,581.9,0.0
3820,582.0,0.0
3821,582.1,0.0
3822,582.2,0.0
3823,582.3,0.0
3824,582.4,0.0
3825,582.5,0.0
3826,582.6,0.0
3827,582.7,0.0
3828,582.8,0.0
3829,582.9,0.0
3830,583.0,0.0
3831,583.1,0.0
3832,583.2,0.0
3833,583.3,0.0
3834,583.4,0.0
3835,583.5,0.0
3836,583.6,0.0
3837,583.7,0.0
3838,583.8,0.0
3839,583.9,0.0
3840,584.0,0.0
3841,584.1,0.0
3842,584.2,0.0
3843,584.3,0.0
3844,584.4,0.0
3845,584.5,0.0
3846,584.6,0.0
3847,584.7,0.0
3848,584.8,0.0
3849,584.9,0.0
3850,585.0,0.0
3851,585.1,0.0
3852,585.2,0.0
3853,585.3,0.0
3854,585.4,0.0
3855,585.5,0.0
3856,585.6,0.0
3857,585.7,0.0
3858,585.8,0.0
3859,585.9,0.0
3860,586.0,0.0
3861,586.1,0.0
3862,586.2,0.0
3863,586.3,0.0
3864,586.4,0.0
3865,586.5,0.0
3866,586.6,0.0
3867,586.7,0.0
3868,586.8,0.0
3869,586.9,0.0
3870,587.0,0.0
3871,587.1,0.0
3872,587.2,0.0
3873,587.3,0.0
3874,587.4,0.0
3875,587.5,0.0
3876,587.6,0.0
3877,587.7,0.0
3878,587.8,0.0
3879,587.9,0.0
3880,588.0,0.0
3881,588.1,0.0
3882,588.2,0.0
3883,588.3,0.0
3884,588.4,0.0
3885,588.5,0.0
3886,588.6,0.0
3887,588.7,0.0
3888,588.8,0.0
3889,588.9,0.0
3890,589.0,0.0
3891,589.1,0.0
3892,589.2,0.0
3893,589.3,0.0
3894,589.4,0.0
3895,589.5,0.0
3896,589.6,0.0
3897,589.7,0.0
3898,589.8,0.0
3899,589.9,0.0
3900,590.0,0.0
3901,590.1,0.0
3902,590.2,0.0
3903,590.3,0.0
3904,590.4,0.0
3905,590.5,0.0
3906,590.6,0.0
3907,590.7,0.0
3908,590.8,0.0
3909,590.9,0.0
3910,591.0,0.0
3911,591.1,0.0
3912,591.2,0.0
3913,591.3,0.0
3914,591.4,0.0
3915,591.5,0.0
3916,591.6,0.0
3917,591.7,0.0
3918,591.8,0.0
3919,591.9,0.0
3920,592.0,0.0
3921,592.1,0.0
3922,592.2,0.0
3923,592.3,0.0
3924,592.4,0.0
3925,592.5,0.0
3926,592.6,0.0
3927,592.7,0.0
3928,592.8,0.0
3929,592.9,0.0
3930,593.0,0.0
3931,593.1,0.0
3932,593.2,0.0
3933,593.3,0.0
3934,593.4,0.0
3935,593.5,0.0
3936,593.6,0.0
3937,593.7,0.0
3938,593.8,0.0
3939,593.9,0.0
3940,594.0,0.0
3941,594.1,0.0
3942,594.2,0.0
3943,594.3,0.0
3944,594.4,0.0
3945,594.5,0.0
3946,594.6,0.0
3947,594.7,0.0
3948,594.8,0.0
3949,594.9,0.0
3950,595.0,0.0
3951,595.1,0.0
3952,595.2,0.0
3953,595.3,0.0
3954,595.4,0.0
3955,595.5,0.0
3956,595.6,0.0
3957,595.7,0.0
3958,595.8,0.0
3959,595.9,0.0
3960,596.0,0.0
3961,596.1,0.0
3962,596.2,0.0
3963,596.3,0.001
3964,596.4,0.003
3965,596.5,0.014
3966,596.6,0.053
3967,596.7,0.198
3968,596.8,0.699
3969,596.9,2.331
3970,597.0,7.35
3971,597.1,21.91
3972,597.2,61.8
3973,597.3,164.8
3974,597.4,415.8
3975,597.5,992.1
3976,597.6,2239.0
3977,597.7,4777.0
3978,597.8,9643.0
3979,597.9,18410.0
3980,598.0,33240.0
3981,598.1,56750.0
3982,598.2,91660.0
3983,598.3,140000.0
3984,598.4,202300.0
3985,598.5,276400.0
3986,598.6,357100.0
3987,598.7,436500.0
3988,598.8,504600.0
3989,598.9,551600.0
3990,599.0,570400.0
3991,599.1,557800.0
3992,599.2,516000.0
3993,599.3,451400.0
3994,599.4,373400.0
3995,599.5,292200.0
3996,599.6,216300.0
3997,599.7,151400.0
3998,599.8,100200.0
3999,599.9,62740.0
4000,600.0,37160.0
4001,600.1,20810.0
4002,600.2,11030.0
4003,600.3,5536.0
4004,600.4,2655.0
4005,600.5,1279.0
4006,600.6,775.2
4007,600.7,886.9
4008,600.8,1685.0
4009,600.9,3593.0
4010,601.0,7490.0
4011,601.1,14870.0
4012,601.2,27970.0
4013,601.3,49860.0
4014,601.4,84230.0
4015,601.5,134900.0
4016,601.6,205000.0
4017,601.7,295700.0
4018,601.8,405200.0
4019,601.9,528100.0
4020,602.0,655300.0
4021,602.1,775400.0
4022,602.2,876500.0
4023,602.3,948000.0
4024,602.4,983000.0
4025,602.5,979000.0
4026,602.6,937900.0
4027,602.7,865500.0
4028,602.8,769600.0
4029,602.9,659500.0
4030,603.0,544300.0
4031,603.1,432000.0
4032,603.2,329400.0
4033,603.3,240700.0
4034,603.4,168300.0
4035,603.5,112400.0
4036,603.6,71560.0
4037,603.7,43380.0
4038,603.8,25010.0
4039,603.9,13700.0
4040,604.0,7124.0
4041,604.1,3514.0
4042,604.2,1643.0
4043,604.3,728.4
4044,604.4,305.9
4045,604.5,121.7
4046,604.6,45.83
4047,604.7,16.35
4048,604.8,5.521
4049,604.9,1.765
4050,605.0,0.534
4051,605.1,0.153
4052,605.2,0.042
4053,605.3,0.011
4054,605.4,0.003
4055,605.5,0.001
4056,605.6,0.0
4057,605.7,0.0
4058,605.8,0.0
4059,605.9,0.0
4060,606.0,0.0
4061,606.1,0.0
4062,606.2,0.0
4063,606.3,0.0
4064,606.4,0.0
4065,606.5,0.0
4066,606.6,0.0
4067,606.7,0.0
4068,606.8,0.0
4069,606.9,0.0
4070,607.0,0.0
4071,607.1,0.0
4072,607.2,0.0
4073,607.3,0.0
4074,607.4,0.0
4075,607.5,0.0
4076,607.6,0.0
4077,607.7,0.002
4078,607.8,0.009
4079,607.9,0.035
4080,608.0,0.131
4081,608.1,0.468
4082,608.2,1.582
4083,608.3,5.071
4084,608.4,15.4
4085,608.5,44.34
4086,608.6,121.0
4087,608.7,312.9
4088,608.8,766.7
4089,608.9,1781.0
4090,609.0,3920.0
4091,609.1,8178.0
4092,609.2,16170.0
4093,609.3,30300.0
4094,609.4,53810.0
4095,609.5,90570.0
4096,609.6,144500.0
4097,609.7,218400.0
4098,609.8,312900.0
4099,609.9,424900.0
4100,610.0,546900.0
4101,610.1,667000.0
4102,610.2,771000.0
4103,610.3,844700.0
4104,610.4,877000.0
4105,610.5,863000.0
4106,610.6,804900.0
4107,610.7,711400.0
4108,610.8,595900.0
4109,610.9,473100.0
4110,611.0,356000.0
4111,611.1,253800.0
4112,611.2,171500.0
4113,611.3,109900.0
4114,611.4,66700.0
4115,611.5,38370.0
4116,611.6,20920.0
4117,611.7,10810.0
4118,611.8,5295.0
4119,611.9,2457.0
4120,612.0,1081.0
4121,612.1,450.7
4122,612.2,178.1
4123,612.3,66.72
4124,612.4,23.8
4125,612.5,8.417
4126,612.6,4.032
4127,612.7,5.406
4128,612.8,13.87
4129,612.9,38.17
4130,613.0,100.9
4131,613.1,253.4
4132,613.2,603.4
4133,613.3,1363.0
4134,613.4,2920.0
4135,613.5,5934.0
4136,613.6,11440.0
4137,613.7,20910.0
4138,613.8,36250.0
4139,613.9,59610.0
4140,614.0,92970.0
4141,614.1,137500.0
4142,614.2,193000.0
4143,614.3,256800.0
4144,614.4,324100.0
4145,614.5,388000.0
4146,614.6,440500.0
4147,614.7,474400.0
4148,614.8,484500.0
4149,614.9,469400.0
4150,615.0,431300.0
4151,615.1,375900.0
4152,615.2,310700.0
4153,615.3,243500.0
4154,615.4,181100.0
4155,615.5,127700.0
4156,615.6,85420.0
4157,615.7,54190.0
4158,615.8,32610.0
4159,615.9,18610.0
4160,616.0,10070.0
4161,616.1,5172.0
4162,616.2,2518.0
4163,616.3,1163.0
4164,616.4,509.4
4165,616.5,211.6
4166,616.6,83.4
4167,616.7,31.17
4168,616.8,11.05
4169,616.9,3.715
4170,617.0,1.185
4171,617.1,0.358
4172,617.2,0.103
4173,617.3,0.029
4174,617.4,0.013
4175,617.5,0.025
4176,617.6,0.083
4177,617.7,0.283
4178,617.8,0.918
4179,617.9,2.825
4180,618.0,8.249
4181,618.1,22.87
4182,618.2,60.19
4183,618.3,150.4
4184,618.4,356.7
4185,618.5,803.1
4186,618.6,1716.0
4187,618.7,3483.0
4188,618.8,6709.0
4189,618.9,12270.0
4190,619.0,21290.0
4191,619.1,35090.0
4192,619.2,54900.0
4193,619.3,81550.0
4194,619.4,115000.0
4195,619.5,154100.0
4196,619.6,196000.0
4197,619.7,237200.0
4198,619.8,273200.0
4199,619.9,300300.0
4200,620.0,316400.0
4201,620.1,322100.0
4202,620.2,320900.0
4203,620.3,319200.0
4204,620.4,324400.0
4205,620.5,343800.0
4206,620.6,382300.0
4207,620.7,440700.0
4208,620.8,514700.0
4209,620.9,595500.0
4210,621.0,670900.0
4211,621.1,728000.0
4212,621.2,756000.0
4213,621.3,748500.0
4214,621.4,705200.0
4215,621.5,631700.0
4216,621.6,537500.0
4217,621.7,434500.0
4218,621.8,333500.0
4219,621.9,243100.0
4220,622.0,168300.0
4221,622.1,110600.0
4222,622.2,69030.0
4223,622.3,40970.0
4224,622.4,23220.0
4225,622.5,12820.0
4226,622.6,7443.0
4227,622.7,5603.0
4228,622.8,6680.0
4229,622.9,10880.0
4230,623.0,19190.0
4231,623.1,33230.0
4232,623.2,55110.0
4233,623.3,87020.0
4234,623.4,130700.0
4235,623.5,186600.0
4236,623.6,253600.0
4237,623.7,328200.0
4238,623.8,405500.0
4239,623.9,479300.0
4240,624.0,544800.0
4241,624.1,599500.0
4242,624.2,644900.0
4243,624.3,686700.0
4244,624.4,733400.0
4245,624.5,793700.0
4246,624.6,873200.0
4247,624.7,971600.0
4248,624.8,1081000.0
4249,624.9,1189000.0
4250,625.0,1277000.0
4251,625.1,1331000.0
4252,625.2,1342000.0
4253,625.3,1309000.0
4254,625.4,1241000.0
4255,625.5,1154000.0
4256,625.6,1066000.0
4257,625.7,993100.0
4258,625.8,944900.0
4259,625.9,922900.0
4260,626.0,920700.0
4261,626.1,926700.0
4262,626.2,927200.0
4263,626.3,910200.0
4264,626.4,868200.0
4265,626.5,799200.0
4266,626.6,707300.0
4267,626.7,600600.0
4268,626.8,489200.0
4269,626.9,383400.0
4270,627.0,291500.0
4271,627.1,219100.0
4272,627.2,168900.0
4273,627.3,141500.0
4274,627.4,135700.0
4275,627.5,149900.0
4276,627.6,182300.0
4277,627.7,230900.0
4278,627.8,293900.0
4279,627.9,368600.0
4280,628.0,451400.0
4281,628.1,537400.0
4282,628.2,620200.0
4283,628.3,692700.0
4284,628.4,747700.0
4285,628.5,779700.0
4286,628.6,785800.0
4287,628.7,766600.0
4288,628.8,726100.0
4289,628.9,671000.0
4290,629.0,608800.0
4291,629.1,546700.0
4292,629.2,489600.0
4293,629.3,440300.0
4294,629.4,400100.0
4295,629.5,369600.0
4296,629.6,350400.0
4297,629.7,346200.0
4298,629.8,362700.0
4299,629.9,406500.0
4300,630.0,483200.0
4301,630.1,595300.0
4302,630.2,739300.0
4303,630.3,904900.0
4304,630.4,1075000.0
4305,630.5,1229000.0
4306,630.6,1343000.0
4307,630.7,1401000.0
4308,630.8,1393000.0
4309,630.9,1317000.0
4310,631.0,1186000.0
4311,631.1,1015000.0
4312,631.2,826700.0
4313,631.3,640200.0
4314,631.4,471500.0
4315,631.5,330300.0
4316,631.6,220000.0
4317,631.7,139400.0
4318,631.8,83960.0
4319,631.9,48100.0
4320,632.0,26210.0
4321,632.1,13580.0
4322,632.2,6691.0
4323,632.3,3135.0
4324,632.4,1397.0
4325,632.5,592.1
4326,632.6,238.6
4327,632.7,91.46
4328,632.8,33.34
4329,632.9,11.56
4330,633.0,3.809
4331,633.1,1.194
4332,633.2,0.357
4333,633.3,0.105
4334,633.4,0.046
4335,633.5,0.089
4336,633.6,0.34
4337,633.7,1.322
4338,633.8,4.915
4339,633.9,17.4
4340,634.0,58.62
4341,634.1,188.0
4342,634.2,573.9
4343,634.3,1668.0
4344,634.4,4612.0
4345,634.5,12140.0
4346,634.6,30420.0
4347,634.7,72530.0
4348,634.8,164600.0
4349,634.9,355700.0
4350,635.0,731500.0
4351,635.1,1432000.0
4352,635.2,2667000.0
4353,635.3,4729999.999
4354,635.4,7982999.999
4355,635.5,12819999.999
4356,635.6,19609999.998
4357,635.7,28539999.998
4358,635.8,39539999.997
4359,635.9,52129999.997
4360,636.0,65429999.997
4361,636.1,78159999.997
4362,636.2,88859999.998
4363,636.3,96169999.999
4364,636.4,99060000.0
4365,636.5,97120000.001
4366,636.6,90640000.002
4367,636.7,80510000.003
4368,636.8,68060000.003
4369,636.9,54770000.003
4370,637.0,41950000.003
4371,637.1,30590000.003
4372,637.2,21230000.002
4373,637.3,14030000.002
4374,637.4,8830000.001
4375,637.5,5297000.001
4376,637.6,3034000.0
4377,637.7,1666000.0
4378,637.8,884200.0
4379,637.9,461600.0
4380,638.0,244600.0
4381,638.1,137900.0
4382,638.2,86150.0
4383,638.3,60020.0
4384,638.4,44970.0
4385,638.5,34540.0
4386,638.6,26250.0
4387,638.7,19350.0
4388,638.8,13690.0
4389,638.9,9260.0
4390,639.0,5973.0
4391,639.1,3670.0
4392,639.2,2148.0
4393,639.3,1197.0
4394,639.4,636.1
4395,639.5,323.5
4396,639.6,161.1
4397,639.7,87.46
4398,639.8,70.32
4399,639.9,101.3
4400,640.0,194.0
4401,640.1,386.1
4402,640.2,744.8
4403,640.3,1373.0
4404,640.4,2412.0
4405,640.5,4038.0
4406,640.6,6438.0
4407,640.7,9778.0
4408,640.8,14150.0
4409,640.9,19500.0
4410,641.0,25590.0
4411,641.1,32010.0
4412,641.2,38130.0
4413,641.3,43260.0
4414,641.4,46760.0
4415,641.5,48140.0
4416,641.6,47210.0
4417,641.7,44110.0
4418,641.8,39250.0
4419,641.9,33270.0
4420,642.0,26870.0
4421,642.1,20670.0
4422,642.2,15140.0
4423,642.3,10570.0
4424,642.4,7026.0
4425,642.5,4450.0
4426,642.6,2684.0
4427,642.7,1542.0
4428,642.8,844.3
4429,642.9,440.2
4430,643.0,218.7
4431,643.1,103.4
4432,643.2,46.62
4433,643.3,20.01
4434,643.4,8.184
4435,643.5,3.188
4436,643.6,1.183
4437,643.7,0.418
4438,643.8,0.141
4439,643.9,0.045
4440,644.0,0.014
4441,644.1,0.004
4442,644.2,0.001
4443,644.3,0.0
4444,644.4,0.0
4445,644.5,0.0
4446,644.6,0.0
4447,644.7,0.0
4448,644.8,0.0
4449,644.9,0.0
4450,645.0,0.0
4451,645.1,0.0
4452,645.2,0.0
4453,645.3,0.0
4454,645.4,0.0
4455,645.5,0.0
4456,645.6,0.0
4457,645.7,0.0
4458,645.8,0.0
4459,645.9,0.0
4460,646.0,0.0
4461,646.1,0.0
4462,646.2,0.0
4463,646.3,0.0
4464,646.4,0.0
4465,646.5,0.0
4466,646.6,0.0
4467,646.7,0.0
4468,646.8,0.0
4469,646.9,0.0
4470,647.0,0.0
4471,647.1,0.0
4472,647.2,0.0
4473,647.3,0.0
4474,647.4,0.0
4475,647.5,0.0
4476,647.6,0.0
4477,647.7,0.0
4478,647.8,0.0
4479,647.9,0.0
4480,648.0,0.0
4481,648.1,0.0
4482,648.2,0.0
4483,648.3,0.0
4484,648.4,0.0
4485,648.5,0.0
4486,648.6,0.0
4487,648.7,0.0
4488,648.8,0.0
4489,648.9,0.0
4490,649.0,0.0
4491,649.1,0.0
4492,649.2,0.0
4493,649.3,0.0
4494,649.4,0.0
4495,649.5,0.0
4496,649.6,0.0
4497,649.7,0.0
4498,649.8,0.0
4499,649.9,0.0
4500,650.0,0.0
4501,650.1,0.0
4502,650.2,0.0
4503,650.3,0.0
4504,650.4,0.0
4505,650.5,0.0
4506,650.6,0.0
4507,650.7,0.0
4508,650.8,0.0
4509,650.9,0.0
4510,651.0,0.0
4511,651.1,0.0
4512,651.2,0.0
4513,651.3,0.0
4514,651.4,0.0
4515,651.5,0.0
4516,651.6,0.0
4517,651.7,0.0
4518,651.8,0.0
4519,651.9,0.0
4520,652.0,0.0
4521,652.1,0.0
4522,652.2,0.0
4523,652.3,0.0
4524,652.4,0.0
4525,652.5,0.0
4526,652.6,0.0
4527,652.7,0.0
4528,652.8,0.0
4529,652.9,0.0
4530,653.0,0.0
4531,653.1,0.0
4532,653.2,0.0
4533,653.3,0.0
4534,653.4,0.0
4535,653.5,0.0
4536,653.6,0.0
4537,653.7,0.0
4538,653.8,0.0
4539,653.9,0.0
4540,654.0,0.0
4541,654.1,0.0
4542,654.2,0.0
4543,654.3,0.0
4544,654.4,0.0
4545,654.5,0.0
4546,654.6,0.0
4547,654.7,0.0
4548,654.8,0.0
4549,654.9,0.0
4550,655.0,0.0
4551,655.1,0.0
4552,655.2,0.0
4553,655.3,0.0
4554,655.4,0.0
4555,655.5,0.0
4556,655.6,0.0
4557,655.7,0.0
4558,655.8,0.0
4559,655.9,0.0
4560,656.0,0.0
4561,656.1,0.0
4562,656.2,0.0
4563,656.3,0.0
4564,656.4,0.0
4565,656.5,0.0
4566,656.6,0.0
4567,656.7,0.0
4568,656.8,0.0
4569,656.9,0.0
4570,657.0,0.0
4571,657.1,0.0
4572,657.2,0.0
4573,657.3,0.0
4574,657.4,0.0
4575,657.5,0.0
4576,657.6,0.0
4577,657.7,0.0
4578,657.8,0.0
4579,657.9,0.0
4580,658.0,0.0
4581,658.1,0.0
4582,658.2,0.0
4583,658.3,0.0
4584,658.4,0.0
4585,658.5,0.0
4586,658.6,0.0
4587,658.7,0.0
4588,658.8,0.0
4589,658.9,0.0
4590,659.0,0.0
4591,659.1,0.0
4592,659.2,0.0
4593,659.3,0.0
4594,659.4,0.0
4595,659.5,0.0
4596,659.6,0.0
4597,659.7,0.0
4598,659.8,0.0
4599,659.9,0.0
4600,660.0,0.0
4601,660.1,0.0
4602,660.2,0.0
4603,660.3,0.0
4604,660.4,0.0
4605,660.5,0.0
4606,660.6,0.0
4607,660.7,0.0
4608,660.8,0.0
4609,660.9,0.0
4610,661.0,0.0
4611,661.1,0.0
4612,661.2,0.0
4613,661.3,0.0
4614,661.4,0.0
4615,661.5,0.0
4616,661.6,0.0
4617,661.7,0.0
4618,661.8,0.0
4619,661.9,0.0
4620,662.0,0.0
4621,662.1,0.0
4622,662.2,0.0
4623,662.3,0.0
4624,662.4,0.0
4625,662.5,0.0
4626,662.6,0.0
4627,662.7,0.0
4628,662.8,0.0
4629,662.9,0.0
4630,663.0,0.0
4631,663.1,0.0
4632,663.2,0.0
4633,663.3,0.0
4634,663.4,0.0
4635,663.5,0.0
4636,663.6,0.0
4637,663.7,0.0
4638,663.8,0.0
4639,663.9,0.0
4640,664.0,0.0
4641,664.1,0.0
4642,664.2,0.0
4643,664.3,0.0
4644,664.4,0.0
4645,664.5,0.0
4646,664.6,0.0
4647,664.7,0.0
4648,664.8,0.0
4649,664.9,0.0
4650,665.0,0.0
4651,665.1,0.0
4652,665.2,0.0
4653,665.3,0.0
4654,665.4,0.0
4655,665.5,0.0
4656,665.6,0.0
4657,665.7,0.0
4658,665.8,0.0
4659,665.9,0.0
4660,666.0,0.0
4661,666.1,0.0
4662,666.2,0.0
4663,666.3,0.0
4664,666.4,0.0
4665,666.5,0.0
4666,666.6,0.0
4667,666.7,0.0
4668,666.8,0.0
4669,666.9,0.0
4670,667.0,0.0
4671,667.1,0.0
4672,667.2,0.0
4673,667.3,0.0
4674,667.4,0.0
4675,667.5,0.0
4676,667.6,0.0
4677,667.7,0.0
4678,667.8,0.0
4679,667.9,0.0
4680,668.0,0.0
4681,668.1,0.0
4682,668.2,0.0
4683,668.3,0.0
4684,668.4,0.0
4685,668.5,0.0
4686,668.6,0.0
4687,668.7,0.0
4688,668.8,0.0
4689,668.9,0.0
4690,669.0,0.0
4691,669.1,0.0
4692,669.2,0.0
4693,669.3,0.0
4694,669.4,0.0
4695,669.5,0.0
4696,669.6,0.0
4697,669.7,0.0
4698,669.8,0.0
4699,669.9,0.0
4700,670.0,0.0
4701,670.1,0.0
4702,670.2,0.0
4703,670.3,0.0
4704,670.4,0.0
4705,670.5,0.0
4706,670.6,0.0
4707,670.7,0.0
4708,670.8,0.0
4709,670.9,0.0
4710,671.0,0.0
4711,671.1,0.0
4712,671.2,0.0
4713,671.3,0.0
4714,671.4,0.0
4715,671.5,0.0
4716,671.6,0.0
4717,671.7,0.0
4718,671.8,0.0
4719,671.9,0.0
4720,672.0,0.0
4721,672.1,0.0
4722,672.2,0.0
4723,672.3,0.0
4724,672.4,0.0
4725,672.5,0.0
4726,672.6,0.0
4727,672.7,0.0
4728,672.8,0.0
4729,672.9,0.0
4730,673.0,0.0
4731,673.1,0.0
4732,673.2,0.0
4733,673.3,0.0
4734,673.4,0.0
4735,673.5,0.0
4736,673.6,0.0
4737,673.7,0.0
4738,673.8,0.0
4739,673.9,0.0
4740,674.0,0.0
4741,674.1,0.0
4742,674.2,0.0
4743,674.3,0.0
4744,674.4,0.0
4745,674.5,0.0
4746,674.6,0.0
4747,674.7,0.0
4748,674.8,0.0
4749,674.9,0.0
4750,675.0,0.0
4751,675.1,0.0
4752,675.2,0.0
4753,675.3,0.0
4754,675.4,0.0
4755,675.5,0.0
4756,675.6,0.0
4757,675.7,0.0
4758,675.8,0.0
4759,675.9,0.0
4760,676.0,0.0
4761,676.1,0.0
4762,676.2,0.0
4763,676.3,0.0
4764,676.4,0.0
4765,676.5,0.0
4766,676.6,0.0
4767,676.7,0.0
4768,676.8,0.0
4769,676.9,0.0
4770,677.0,0.0
4771,677.1,0.0
4772,677.2,0.0
4773,677.3,0.0
4774,677.4,0.0
4775,677.5,0.0
4776,677.6,0.0
4777,677.7,0.0
4778,677.8,0.0
4779,677.9,0.0
4780,678.0,0.0
4781,678.1,0.0
4782,678.2,0.0
4783,678.3,0.0
4784,678.4,0.0
4785,678.5,0.0
4786,678.6,0.0
4787,678.7,0.0
4788,678.8,0.0
4789,678.9,0.0
4790,679.0,0.0
4791,679.1,0.0
4792,679.2,0.0
4793,679.3,0.0
4794,679.4,0.0
4795,679.5,0.0
4796,679.6,0.0
4797,679.7,0.0
4798,679.8,0.0
4799,679.9,0.0
4800,680.0,0.0
4801,680.1,0.0
4802,680.2,0.0
4803,680.3,0.0
4804,680.4,0.0
4805,680.5,0.0
4806,680.6,0.0
4807,680.7,0.0
4808,680.8,0.0
4809,680.9,0.0
4810,681.0,0.0
4811,681.1,0.0
4812,681.2,0.0
4813,681.3,0.0
4814,681.4,0.0
4815,681.5,0.0
4816,681.6,0.0
4817,681.7,0.0
4818,681.8,0.0
4819,681.9,0.0
4820,682.0,0.0
4821,682.1,0.0
4822,682.2,0.0
4823,682.3,0.0
4824,682.4,0.0
4825,682.5,0.0
4826,682.6,0.0
4827,682.7,0.0
4828,682.8,0.0
4829,682.9,0.0
4830,683.0,0.0
4831,683.1,0.0
4832,683.2,0.0
4833,683.3,0.0
4834,683.4,0.0
4835,683.5,0.0
4836,683.6,0.0
4837,683.7,0.0
4838,683.8,0.0
4839,683.9,0.0
4840,684.0,0.0
4841,684.1,0.0
4842,684.2,0.0
4843,684.3,0.0
4844,684.4,0.0
4845,684.5,0.0
4846,684.6,0.0
4847,684.7,0.0
4848,684.8,0.0
4849,684.9,0.0
4850,685.0,0.0
4851,685.1,0.0
4852,685.2,0.0
4853,685.3,0.0
4854,685.4,0.0
4855,685.5,0.0
4856,685.6,0.0
4857,685.7,0.0
4858,685.8,0.0
4859,685.9,0.0
4860,686.0,0.0
4861,686.1,0.0
4862,686.2,0.0
4863,686.3,0.0
4864,686.4,0.0
4865,686.5,0.0
4866,686.6,0.0
4867,686.7,0.0
4868,686.8,0.0
4869,686.9,0.0
4870,687.0,0.0
4871,687.1,0.0
4872,687.2,0.0
4873,687.3,0.0
4874,687.4,0.0
4875,687.5,0.0
4876,687.6,0.0
4877,687.7,0.0
4878,687.8,0.0
4879,687.9,0.0
4880,688.0,0.0
4881,688.1,0.0
4882,688.2,0.0
4883,688.3,0.0
4884,688.4,0.0
4885,688.5,0.0
4886,688.6,0.0
4887,688.7,0.0
4888,688.8,0.0
4889,688.9,0.0
4890,689.0,0.0
4891,689.1,0.0
4892,689.2,0.0
4893,689.3,0.0
4894,689.4,0.0
4895,689.5,0.0
4896,689.6,0.0
4897,689.7,0.0
4898,689.8,0.0
4899,689.9,0.0
4900,690.0,0.0
4901,690.1,0.0
4902,690.2,0.0
4903,690.3,0.0
4904,690.4,0.0
4905,690.5,0.0
4906,690.6,0.0
4907,690.7,0.0
4908,690.8,0.0
4909,690.9,0.0
4910,691.0,0.0
4911,691.1,0.0
4912,691.2,0.0
4913,691.3,0.0
4914,691.4,0.0
4915,691.5,0.0
4916,691.6,0.0
4917,691.7,0.0
4918,691.8,0.0
4919,691.9,0.0
4920,692.0,0.0
4921,692.1,0.0
4922,692.2,0.0
4923,692.3,0.0
4924,692.4,0.0
4925,692.5,0.0
4926,692.6,0.0
4927,692.7,0.0
4928,692.8,0.0
4929,692.9,0.0
4930,693.0,0.0
4931,693.1,0.0
4932,693.2,0.0
4933,693.3,0.0
4934,693.4,0.0
4935,693.5,0.0
4936,693.6,0.0
4937,693.7,0.0
4938,693.8,0.0
4939,693.9,0.0
4940,694.0,0.0
4941,694.1,0.0
4942,694.2,0.0
4943,694.3,0.0
4944,694.4,0.0
4945,694.5,0.0
4946,694.6,0.0
4947,694.7,0.0
4948,694.8,0.0
4949,694.9,0.0
4950,695.0,0.0
4951,695.1,0.0
4952,695.2,0.0
4953,695.3,0.0
4954,695.4,0.0
4955,695.5,0.0
4956,695.6,0.0
4957,695.7,0.0
4958,695.8,0.0
4959,695.9,0.0
4960,696.0,0.0
4961,696.1,0.0
4962,696.2,0.0
4963,696.3,0.0
4964,696.4,0.0
4965,696.5,0.0
4966,696.6,0.0
4967,696.7,0.0
4968,696.8,0.0
4969,696.9,0.0
4970,697.0,0.0
4971,697.1,0.0
4972,697.2,0.0
4973,697.3,0.0
4974,697.4,0.0
4975,697.5,0.0
4976,697.6,0.0
4977,697.7,0.0
4978,697.8,0.0
4979,697.9,0.0
4980,698.0,0.0
4981,698.1,0.0
4982,698.2,0.0
4983,698.3,0.0
4984,698.4,0.0
4985,698.5,0.0
4986,698.6,0.0
4987,698.7,0.0
4988,698.8,0.0
4989,698.9,0.0
4990,699.0,0.0
4991,699.1,0.0
4992,699.2,0.0
4993,699.3,0.0
4994,699.4,0.0
4995,699.5,0.0
4996,699.6,0.0
4997,699.7,0.0
4998,699.8,0.0
4999,699.9,0.0
5000,700.0,0.0
5001,700.1,0.0
5002,700.2,0.0
5003,700.3,0.0
5004,700.4,0.0
5005,700.5,0.0
5006,700.6,0.0
5007,700.7,0.0
5008,700.8,0.0
5009,700.9,0.0
5010,701.0,0.0
5011,701.1,0.0
5012,701.2,0.0
5013,701.3,0.0
5014,701.4,0.0
5015,701.5,0.0
5016,701.6,0.0
5017,701.7,0.0
5018,701.8,0.0
5019,701.9,0.0
5020,702.0,0.0
5021,702.1,0.0
5022,702.2,0.0
5023,702.3,0.0
5024,702.4,0.0
5025,702.5,0.0
5026,702.6,0.0
5027,702.7,0.0
5028,702.8,0.0
5029,702.9,0.0
5030,703.0,0.0
5031,703.1,0.0
5032,703.2,0.0
5033,703.3,0.0
5034,703.4,0.0
5035,703.5,0.0
5036,703.6,0.0
5037,703.7,0.0
5038,703.8,0.0
5039,703.9,0.0
5040,704.0,0.0
5041,704.1,0.0
5042,704.2,0.0
5043,704.3,0.0
5044,704.4,0.0
5045,704.5,0.0
5046,704.6,0.0
5047,704.7,0.0
5048,704.8,0.0
5049,704.9,0.0
5050,705.0,0.0
5051,705.1,0.0
5052,705.2,0.0
5053,705.3,0.0
5054,705.4,0.0
5055,705.5,0.0
5056,705.6,0.0
5057,705.7,0.0
5058,705.8,0.0
5059,705.9,0.0
5060,706.0,0.0
5061,706.1,0.0
5062,706.2,0.0
5063,706.3,0.0
5064,706.4,0.0
5065,706.5,0.0
5066,706.6,0.0
5067,706.7,0.0
5068,706.8,0.0
5069,706.9,0.0
5070,707.0,0.0
5071,707.1,0.0
5072,707.2,0.0
5073,707.3,0.0
5074,707.4,0.0
5075,707.5,0.0
5076,707.6,0.0
5077,707.7,0.0
5078,707.8,0.0
5079,707.9,0.0
5080,708.0,0.0
5081,708.1,0.0
5082,708.2,0.0
5083,708.3,0.0
5084,708.4,0.0
5085,708.5,0.0
5086,708.6,0.0
5087,708.7,0.0
5088,708.8,0.0
5089,708.9,0.0
5090,709.0,0.0
5091,709.1,0.0
5092,709.2,0.0
5093,709.3,0.0
5094,709.4,0.0
5095,709.5,0.0
5096,709.6,0.0
5097,709.7,0.0
5098,709.8,0.0
5099,709.9,0.0
5100,710.0,0.0
5101,710.1,0.0
5102,710.2,0.0
5103,710.3,0.0
5104,710.4,0.0
5105,710.5,0.0
5106,710.6,0.0
5107,710.7,0.0
5108,710.8,0.0
5109,710.9,0.0
5110,711.0,0.0
5111,711.1,0.0
5112,711.2,0.0
5113,711.3,0.0
5114,711.4,0.0
5115,711.5,0.0
5116,711.6,0.0
5117,711.7,0.0
5118,711.8,0.0
5119,711.9,0.0
5120,712.0,0.0
5121,712.1,0.0
5122,712.2,0.0
5123,712.3,0.0
5124,712.4,0.0
5125,712.5,0.0
5126,712.6,0.0
5127,712.7,0.0
5128,712.8,0.0
5129,712.9,0.0
5130,713.0,0.0
5131,713.1,0.0
5132,713.2,0.0
5133,713.3,0.0
5134,713.4,0.0
5135,713.5,0.0
5136,713.6,0.0
5137,713.7,0.0
5138,713.8,0.0
5139,713.9,0.0
5140,714.0,0.0
5141,714.1,0.0
5142,714.2,0.0
5143,714.3,0.0
5144,714.4,0.0
5145,714.5,0.0
5146,714.6,0.0
5147,714.7,0.0
5148,714.8,0.0
5149,714.9,0.0
5150,715.0,0.0
5151,715.1,0.0
5152,715.2,0.0
5153,715.3,0.0
5154,715.4,0.0
5155,715.5,0.0
5156,715.6,0.0
5157,715.7,0.0
5158,715.8,0.0
5159,715.9,0.0
5160,716.0,0.0
5161,716.1,0.0
5162,716.2,0.0
5163,716.3,0.0
5164,716.4,0.0
5165,716.5,0.0
5166,716.6,0.0
5167,716.7,0.0
5168,716.8,0.0
5169,716.9,0.0
5170,717.0,0.0
5171,717.1,0.0
5172,717.2,0.0
5173,717.3,0.0
5174,717.4,0.0
5175,717.5,0.0
5176,717.6,0.0
5177,717.7,0.0
5178,717.8,0.0
5179,717.9,0.0
5180,718.0,0.0
5181,718.1,0.0
5182,718.2,0.0
5183,718.3,0.0
5184,718.4,0.0
5185,718.5,0.0
5186,718.6,0.0
5187,718.7,0.0
5188,718.8,0.0
5189,718.9,0.0
5190,719.0,0.0
5191,719.1,0.0
5192,719.2,0.0
5193,719.3,0.0
5194,719.4,0.0
5195,719.5,0.0
5196,719.6,0.0
5197,719.7,0.0
5198,719.8,0.0
5199,719.9,0.0
5200,720.0,0.0
5201,720.1,0.0
5202,720.2,0.0
5203,720.3,0.0
5204,720.4,0.0
5205,720.5,0.0
5206,720.6,0.0
5207,720.7,0.0
5208,720.8,0.0
5209,720.9,0.0
5210,721.0,0.0
5211,721.1,0.0
5212,721.2,0.0
5213,721.3,0.0
5214,721.4,0.0
5215,721.5,0.0
5216,721.6,0.0
5217,721.7,0.0
5218,721.8,0.0
5219,721.9,0.0
5220,722.0,0.0
5221,722.1,0.0
5222,722.2,0.0
5223,722.3,0.0
5224,722.4,0.0
5225,722.5,0.0
5226,722.6,0.0
5227,722.7,0.0
5228,722.8,0.0
5229,722.9,0.0
5230,723.0,0.0
5231,723.1,0.0
5232,723.2,0.0
5233,723.3,0.0
5234,723.4,0.0
5235,723.5,0.0
5236,723.6,0.0
5237,723.7,0.0
5238,723.8,0.0
5239,723.9,0.0
5240,724.0,0.0
5241,724.1,0.0
5242,724.2,0.0
5243,724.3,0.0
5244,724.4,0.0
5245,724.5,0.0
5246,724.6,0.0
5247,724.7,0.0
5248,724.8,0.0
5249,724.9,0.0
5250,725.0,0.0
5251,725.1,0.0
5252,725.2,0.0
5253,725.3,0.0
5254,725.4,0.0
5255,725.5,0.0
5256,725.6,0.0
5257,725.7,0.0
5258,725.8,0.0
5259,725.9,0.0
5260,726.0,0.0
5261,726.1,0.0
5262,726.2,0.0
5263,726.3,0.0
5264,726.4,0.0
5265,726.5,0.0
5266,726.6,0.0
5267,726.7,0.0
5268,726.8,0.0
5269,726.9,0.0
5270,727.0,0.0
5271,727.1,0.0
5272,727.2,0.0
5273,727.3,0.0
5274,727.4,0.0
5275,727.5,0.0
5276,727.6,0.0
5277,727.7,0.0
5278,727.8,0.0
5279,727.9,0.0
5280,728.0,0.0
5281,728.1,0.0
5282,728.2,0.0
5283,728.3,0.0
5284,728.4,0.0
5285,728.5,0.0
5286,728.6,0.0
5287,728.7,0.0
5288,728.8,0.0
5289,728.9,0.0
5290,729.0,0.0
5291,729.1,0.0
5292,729.2,0.0
5293,729.3,0.0
5294,729.4,0.0
5295,729.5,0.0
5296,729.6,0.0
5297,729.7,0.0
5298,729.8,0.0
5299,729.9,0.0
5300,730.0,0.0
5301,730.1,0.0
5302,730.2,0.0
5303,730.3,0.0
5304,730.4,0.0
5305,730.5,0.0
5306,730.6,0.0
5307,730.7,0.0
5308,730.8,0.0
5309,730.9,0.0
5310,731.0,0.0
5311,731.1,0.0
5312,731.2,0.0
5313,731.3,0.0
5314,731.4,0.0
5315,731.5,0.0
5316,731.6,0.0
5317,731.7,0.0
5318,731.8,0.0
5319,731.9,0.0
5320,732.0,0.0
5321,732.1,0.0
5322,732.2,0.0
5323,732.3,0.0
5324,732.4,0.0
5325,732.5,0.0
5326,732.6,0.0
5327,732.7,0.0
5328,732.8,0.0
5329,732.9,0.0
5330,733.0,0.0
5331,733.1,0.0
5332,733.2,0.0
5333,733.3,0.0
5334,733.4,0.0
5335,733.5,0.0
5336,733.6,0.0
5337,733.7,0.0
5338,733.8,0.0
5339,733.9,0.0
5340,734.0,0.0
5341,734.1,0.0
5342,734.2,0.0
5343,734.3,0.0
5344,734.4,0.0
5345,734.5,0.0
5346,734.6,0.0
5347,734.7,0.0
5348,734.8,0.0
5349,734.9,0.0
5350,735.0,0.0
5351,735.1,0.0
5352,735.2,0.0
5353,735.3,0.0
5354,735.4,0.0
5355,735.5,0.0
5356,735.6,0.0
5357,735.7,0.0
5358,735.8,0.0
5359,735.9,0.0
5360,736.0,0.0
5361,736.1,0.0
5362,736.2,0.0
5363,736.3,0.0
5364,736.4,0.0
5365,736.5,0.0
5366,736.6,0.0
5367,736.7,0.0
5368,736.8,0.0
5369,736.9,0.0
5370,737.0,0.0
5371,737.1,0.0
5372,737.2,0.0
5373,737.3,0.0
5374,737.4,0.0
5375,737.5,0.0
5376,737.6,0.0
5377,737.7,0.0
5378,737.8,0.0
5379,737.9,0.0
5380,738.0,0.0
5381,738.1,0.0
5382,738.2,0.0
5383,738.3,0.0
5384,738.4,0.0
5385,738.5,0.0
5386,738.6,0.0
5387,738.7,0.0
5388,738.8,0.0
5389,738.9,0.0
5390,739.0,0.0
5391,739.1,0.0
5392,739.2,0.0
5393,739.3,0.0
5394,739.4,0.0
5395,739.5,0.0
5396,739.6,0.0
5397,739.7,0.0
5398,739.8,0.0
5399,739.9,0.0
5400,740.0,0.0
5401,740.1,0.0
5402,740.2,0.0
5403,740.3,0.0
5404,740.4,0.0
5405,740.5,0.0
5406,740.6,0.0
5407,740.7,0.0
5408,740.8,0.0
5409,740.9,0.0
5410,741.0,0.0
5411,741.1,0.0
5412,741.2,0.0
5413,741.3,0.0
5414,741.4,0.0
5415,741.5,0.0
5416,741.6,0.0
5417,741.7,0.0
5418,741.8,0.0
5419,741.9,0.0
5420,742.0,0.0
5421,742.1,0.0
5422,742.2,0.0
5423,742.3,0.0
5424,742.4,0.0
5425,742.5,0.001
5426,742.6,0.003
5427,742.7,0.007
5428,742.8,0.015
5429,742.9,0.035
5430,743.0,0.076
5431,743.1,0.16
5432,743.2,0.325
5433,743.3,0.638
5434,743.4,1.207
5435,743.5,2.204
5436,743.6,3.879
5437,743.7,6.588
5438,743.8,10.79
5439,743.9,17.05
5440,744.0,25.99
5441,744.1,38.21
5442,744.2,54.19
5443,744.3,74.14
5444,744.4,97.84
5445,744.5,124.5
5446,744.6,152.9
5447,744.7,181.1
5448,744.8,207.0
5449,744.9,228.1
5450,745.0,242.5
5451,745.1,248.7
5452,745.2,246.0
5453,745.3,234.8
5454,745.4,216.1
5455,745.5,191.9
5456,745.6,164.4
5457,745.7,135.8
5458,745.8,108.2
5459,745.9,83.2
5460,746.0,61.7
5461,746.1,44.13
5462,746.2,30.45
5463,746.3,20.27
5464,746.4,13.01
5465,746.5,8.06
5466,746.6,4.815
5467,746.7,2.775
5468,746.8,1.543
5469,746.9,0.827
5470,747.0,0.428
5471,747.1,0.214
5472,747.2,0.103
5473,747.3,0.048
5474,747.4,0.021
5475,747.5,0.009
5476,747.6,0.004
5477,747.7,0.002
5478,747.8,0.001
5479,747.9,0.0
5480,748.0,0.0
5481,748.1,0.0
5482,748.2,0.0
5483,748.3,0.0
5484,748.4,0.0
5485,748.5,0.0
5486,748.6,0.0
5487,748.7,0.0
5488,748.8,0.0
5489,748.9,0.0
5490,749.0,0.0
5491,749.1,0.0
5492,749.2,0.0
5493,749.3,0.0
5494,749.4,0.0
5495,749.5,0.0
5496,749.6,0.0
5497,749.7,0.0
5498,749.8,0.0
5499,749.9,0.0
5500,750.0,0.0
5501,750.1,0.0
5502,750.2,0.0
5503,750.3,0.0
5504,750.4,0.0
5505,750.5,0.0
5506,750.6,0.0
5507,750.7,0.0
5508,750.8,0.0
5509,750.9,0.0
5510,751.0,0.0
5511,751.1,0.0
5512,751.2,0.0
5513,751.3,0.0
5514,751.4,0.0
5515,751.5,0.0
5516,751.6,0.0
5517,751.7,0.0
5518,751.8,0.0
5519,751.9,0.0
5520,752.0,0.0
5521,752.1,0.0
5522,752.2,0.0
5523,752.3,0.0
5524,752.4,0.001
5525,752.5,0.002
5526,752.6,0.004
5527,752.7,0.009
5528,752.8,0.02
5529,752.9,0.043
5530,753.0,0.09
5531,753.1,0.179
5532,753.2,0.345
5533,753.3,0.643
5534,753.4,1.155
5535,753.5,2.004
5536,753.6,3.356
5537,753.7,5.427
5538,753.8,8.473
5539,753.9,12.77
5540,754.0,18.59
5541,754.1,26.13
5542,754.2,35.46
5543,754.3,46.45
5544,754.4,58.76
5545,754.5,71.77
5546,754.6,84.64
5547,754.7,96.37
5548,754.8,105.9
5549,754.9,112.5
5550,755.0,115.3
5551,755.1,114.0
5552,755.2,109.0
5553,755.3,100.5
5554,755.4,89.53
5555,755.5,76.99
5556,755.6,63.93
5557,755.7,51.26
5558,755.8,39.69
5559,755.9,29.72
5560,756.0,21.61
5561,756.1,15.53
5562,756.2,11.74
5563,756.3,11.06
5564,756.4,15.73
5565,756.5,31.29
5566,756.6,70.32
5567,756.7,159.8
5568,756.8,354.9
5569,756.9,763.7
5570,757.0,1588.0
5571,757.1,3191.0
5572,757.2,6192.0
5573,757.3,11610.0
5574,757.4,21010.0
5575,757.5,36740.0
5576,757.6,62060.0
5577,757.7,101200.0
5578,757.8,159500.0
5579,757.9,242800.0
5580,758.0,356900.0
5581,758.1,506800.0
5582,758.2,695100.0
5583,758.3,920700.0
5584,758.4,1178000.0
5585,758.5,1456000.0
5586,758.6,1738000.0
5587,758.7,2004000.0
5588,758.8,2231000.0
5589,758.9,2400000.0
5590,759.0,2493000.0
5591,759.1,2502000.0
5592,759.2,2425000.0
5593,759.3,2270000.0
5594,759.4,2053000.0
5595,759.5,1793000.0
5596,759.6,1513000.0
5597,759.7,1233000.0
5598,759.8,971100.0
5599,759.9,739200.0
5600,760.0,544600.0
5601,760.1,389300.0
5602,760.2,271500.0
5603,760.3,187100.0
5604,760.4,130600.0
5605,760.5,96380.0
5606,760.6,79290.0
5607,760.7,74830.0
5608,760.8,79280.0
5609,760.9,89560.0
5610,761.0,103100.0
5611,761.1,117500.0
5612,761.2,131000.0
5613,761.3,141700.0
5614,761.4,148500.0
5615,761.5,150500.0
5616,761.6,147300.0
5617,761.7,139400.0
5618,761.8,127400.0
5619,761.9,112600.0
5620,762.0,96050.0
5621,762.1,79180.0
5622,762.2,63060.0
5623,762.3,48520.0
5624,762.4,36060.0
5625,762.5,25900.0
5626,762.6,17970.0
5627,762.7,12040.0
5628,762.8,7798.0
5629,762.9,4878.0
5630,763.0,2948.0
5631,763.1,1722.0
5632,763.2,971.1
5633,763.3,529.2
5634,763.4,278.6
5635,763.5,141.7
5636,763.6,69.64
5637,763.7,33.06
5638,763.8,15.16
5639,763.9,6.718
5640,764.0,2.876
5641,764.1,1.189
5642,764.2,0.475
5643,764.3,0.183
5644,764.4,0.068
5645,764.5,0.025
5646,764.6,0.009
5647,764.7,0.003
5648,764.8,0.001
5649,764.9,0.0
5650,765.0,0.0
5651,765.1,0.0
5652,765.2,0.0
5653,765.3,0.0
5654,765.4,0.0
5655,765.5,0.0
5656,765.6,0.0
5657,765.7,0.0
5658,765.8,0.0
5659,765.9,0.0
5660,766.0,0.0
5661,766.1,0.0
5662,766.2,0.0
5663,766.3,0.0
5664,766.4,0.0
5665,766.5,0.0
5666,766.6,0.0
5667,766.7,0.0
5668,766.8,0.0
5669,766.9,0.0
5670,767.0,0.0
5671,767.1,0.0
5672,767.2,0.0
5673,767.3,0.0
5674,767.4,0.0
5675,767.5,0.0
5676,767.6,0.0
5677,767.7,0.0
5678,767.8,0.0
5679,767.9,0.0
5680,768.0,0.0
5681,768.1,0.0
5682,768.2,0.0
5683,768.3,0.0
5684,768.4,0.0
5685,768.5,0.0
5686,768.6,0.0
5687,768.7,0.0
5688,768.8,0.0
5689,768.9,0.0
5690,769.0,0.0
5691,769.1,0.0
5692,769.2,0.0
5693,769.3,0.0
5694,769.4,0.0
5695,769.5,0.0
5696,769.6,0.0
5697,769.7,0.0
5698,769.8,0.0
5699,769.9,0.001
5700,770.0,0.002
5701,770.1,0.007
5702,770.2,0.02
5703,770.3,0.06
5704,770.4,0.169
5705,770.5,0.465
5706,770.6,1.233
5707,770.7,3.166
5708,770.8,7.861
5709,770.9,18.87
5710,771.0,43.83
5711,771.1,98.42
5712,771.2,213.8
5713,771.3,449.1
5714,771.4,912.3
5715,771.5,1792.0
5716,771.6,3406.0
5717,771.7,6260.0
5718,771.8,11130.0
5719,771.9,19130.0
5720,772.0,31820.0
5721,772.1,51180.0
5722,772.2,79630.0
5723,772.3,119900.0
5724,772.4,174600.0
5725,772.5,245900.0
5726,772.6,335400.0
5727,772.7,442600.0
5728,772.8,565600.0
5729,772.9,700000.0
5730,773.0,839400.0
5731,773.1,976000.0
5732,773.2,1101000.0
5733,773.3,1206000.0
5734,773.4,1285000.0
5735,773.5,1334000.0
5736,773.6,1350000.0
5737,773.7,1336000.0
5738,773.8,1295000.0
5739,773.9,1232000.0
5740,774.0,1154000.0
5741,774.1,1066000.0
5742,774.2,971700.0
5743,774.3,875100.0
5744,774.4,778700.0
5745,774.5,684600.0
5746,774.6,594500.0
5747,774.7,510400.0
5748,774.8,434500.0
5749,774.9,368900.0
5750,775.0,315500.0
5751,775.1,275500.0
5752,775.2,249300.0
5753,775.3,236400.0
5754,775.4,235000.0
5755,775.5,242400.0
5756,775.6,255400.0
5757,775.7,270100.0
5758,775.8,283200.0
5759,775.9,291400.0
5760,776.0,292700.0
5761,776.1,285800.0
5762,776.2,270900.0
5763,776.3,248700.0
5764,776.4,221100.0
5765,776.5,190300.0
5766,776.6,158400.0
5767,776.7,127600.0
5768,776.8,99480.0
5769,776.9,75000.0
5770,777.0,54700.0
5771,777.1,38600.0
5772,777.2,26340.0
5773,777.3,17390.0
5774,777.4,11110.0
5775,777.5,6864.0
5776,777.6,4105.0
5777,777.7,2379.0
5778,777.8,1344.0
5779,777.9,757.2
5780,778.0,460.6
5781,778.1,366.4
5782,778.2,445.8
5783,778.3,726.8
5784,778.4,1299.0
5785,778.5,2326.0
5786,778.6,4068.0
5787,778.7,6899.0
5788,778.8,11330.0
5789,778.9,18000.0
5790,779.0,27680.0
5791,779.1,41190.0
5792,779.2,59320.0
5793,779.3,82660.0
5794,779.4,111500.0
5795,779.5,145400.0
5796,779.6,183600.0
5797,779.7,224400.0
5798,779.8,265300.0
5799,779.9,303600.0
5800,780.0,336100.0
5801,780.1,360100.0
5802,780.2,373400.0
5803,780.3,374600.0
5804,780.4,363700.0
5805,780.5,341700.0
5806,780.6,310600.0
5807,780.7,273300.0
5808,780.8,232700.0
5809,780.9,191700.0
5810,781.0,152800.0
5811,781.1,117900.0
5812,781.2,87980.0
5813,781.3,63550.0
5814,781.4,44430.0
5815,781.5,30050.0
5816,781.6,19670.0
5817,781.7,12460.0
5818,781.8,7637.0
5819,781.9,4530.0
5820,782.0,2600.0
5821,782.1,1444.0
5822,782.2,776.1
5823,782.3,403.6
5824,782.4,203.1
5825,782.5,98.94
5826,782.6,46.63
5827,782.7,21.26
5828,782.8,9.384
5829,782.9,4.007
5830,783.0,1.656
5831,783.1,0.662
5832,783.2,0.256
5833,783.3,0.096
5834,783.4,0.035
5835,783.5,0.012
5836,783.6,0.004
5837,783.7,0.001
5838,783.8,0.0
5839,783.9,0.0
5840,784.0,0.0
5841,784.1,0.0
5842,784.2,0.0
5843,784.3,0.0
5844,784.4,0.0
5845,784.5,0.0
5846,784.6,0.0
5847,784.7,0.0
5848,784.8,0.0
5849,784.9,0.0
5850,785.0,0.0
5851,785.1,0.0
5852,785.2,0.0
5853,785.3,0.0
5854,785.4,0.0
5855,785.5,0.0
5856,785.6,0.0
5857,785.7,0.0
5858,785.8,0.0
5859,785.9,0.0
5860,786.0,0.0
5861,786.1,0.0
5862,786.2,0.0
5863,786.3,0.0
5864,786.4,0.0
5865,786.5,0.0
5866,786.6,0.0
5867,786.7,0.0
5868,786.8,0.0
5869,786.9,0.0
5870,787.0,0.0
5871,787.1,0.0
5872,787.2,0.0
5873,787.3,0.0
5874,787.4,0.0
5875,787.5,0.0
5876,787.6,0.0
5877,787.7,0.0
5878,787.8,0.0
5879,787.9,0.0
5880,788.0,0.0
5881,788.1,0.0
5882,788.2,0.0
5883,788.3,0.0
5884,788.4,0.0
5885,788.5,0.0
5886,788.6,0.0
5887,788.7,0.0
5888,788.8,0.0
5889,788.9,0.0
5890,789.0,0.0
5891,789.1,0.0
5892,789.2,0.0
5893,789.3,0.0
5894,789.4,0.0
5895,789.5,0.0
5896,789.6,0.0
5897,789.7,0.0
5898,789.8,0.0
5899,789.9,0.0
5900,790.0,0.0
5901,790.1,0.0
5902,790.2,0.0
5903,790.3,0.0
5904,790.4,0.0
5905,790.5,0.0
5906,790.6,0.0
5907,790.7,0.0
5908,790.8,0.0
5909,790.9,0.0
5910,791.0,0.0
5911,791.1,0.0
5912,791.2,0.0
5913,791.3,0.0
5914,791.4,0.0
5915,791.5,0.0
5916,791.6,0.0
5917,791.7,0.0
5918,791.8,0.0
5919,791.9,0.0
5920,792.0,0.0
5921,792.1,0.0
5922,792.2,0.0
5923,792.3,0.0
5924,792.4,0.0
5925,792.5,0.0
5926,792.6,0.0
5927,792.7,0.0
5928,792.8,0.0
5929,792.9,0.0
5930,793.0,0.0
5931,793.1,0.0
5932,793.2,0.0
5933,793.3,0.0
5934,793.4,0.0
5935,793.5,0.0
5936,793.6,0.0
5937,793.7,0.0
5938,793.8,0.0
5939,793.9,0.0
5940,794.0,0.0
5941,794.1,0.0
5942,794.2,0.0
5943,794.3,0.0
5944,794.4,0.0
5945,794.5,0.0
5946,794.6,0.0
5947,794.7,0.0
5948,794.8,0.0
5949,794.9,0.0
5950,795.0,0.0
5951,795.1,0.0
5952,795.2,0.0
5953,795.3,0.0
5954,795.4,0.0
5955,795.5,0.0
5956,795.6,0.0
5957,795.7,0.0
5958,795.8,0.0
5959,795.9,0.0
5960,796.0,0.0
5961,796.1,0.0
5962,796.2,0.0
5963,796.3,0.0
5964,796.4,0.0
5965,796.5,0.0
5966,796.6,0.0
5967,796.7,0.0
5968,796.8,0.0
5969,796.9,0.0
5970,797.0,0.0
5971,797.1,0.0
5972,797.2,0.0
5973,797.3,0.0
5974,797.4,0.0
5975,797.5,0.0
5976,797.6,0.0
5977,797.7,0.0
5978,797.8,0.0
5979,797.9,0.0
5980,798.0,0.0
5981,798.1,0.0
5982,798.2,0.0
5983,798.3,0.0
5984,798.4,0.0
5985,798.5,0.0
5986,798.6,0.0
5987,798.7,0.0
5988,798.8,0.0
5989,798.9,0.0
5990,799.0,0.0
5991,799.1,0.0
5992,799.2,0.0
5993,799.3,0.0
5994,799.4,0.0
5995,799.5,0.0
5996,799.6,0.0
5997,799.7,0.0
5998,799.8,0.0
5999,799.9,0.0
6000,800.0,0.0
6001,800.1,0.0
6002,800.2,0.0
6003,800.3,0.0
6004,800.4,0.0
6005,800.5,0.0
6006,800.6,0.0
6007,800.7,0.0
6008,800.8,0.0
6009,800.9,0.0
6010,801.0,0.0
6011,801.1,0.0
6012,801.2,0.0
6013,801.3,0.0
6014,801.4,0.0
6015,801.5,0.0
6016,801.6,0.0
6017,801.7,0.0
6018,801.8,0.0
6019,801.9,0.0
6020,802.0,0.0
6021,802.1,0.0
6022,802.2,0.0
6023,802.3,0.0
6024,802.4,0.0
6025,802.5,0.0
6026,802.6,0.0
6027,802.7,0.0
6028,802.8,0.0
6029,802.9,0.0
6030,803.0,0.0
6031,803.1,0.0
6032,803.2,0.0
6033,803.3,0.0
6034,803.4,0.0
6035,803.5,0.0
6036,803.6,0.0
6037,803.7,0.0
6038,803.8,0.0
6039,803.9,0.0
6040,804.0,0.0
6041,804.1,0.0
6042,804.2,0.0
6043,804.3,0.0
6044,804.4,0.0
6045,804.5,0.0
6046,804.6,0.0
6047,804.7,0.0
6048,804.8,0.0
6049,804.9,0.0
6050,805.0,0.0
6051,805.1,0.0
6052,805.2,0.0
6053,805.3,0.0
6054,805.4,0.0
6055,805.5,0.0
6056,805.6,0.0
6057,805.7,0.0
6058,805.8,0.0
6059,805.9,0.0
6060,806.0,0.0
6061,806.1,0.0
6062,806.2,0.0
6063,806.3,0.0
6064,806.4,0.0
6065,806.5,0.0
6066,806.6,0.0
6067,806.7,0.0
6068,806.8,0.0
6069,806.9,0.0
6070,807.0,0.0
6071,807.1,0.0
6072,807.2,0.0
6073,807.3,0.0
6074,807.4,0.0
6075,807.5,0.0
6076,807.6,0.0
6077,807.7,0.0
6078,807.8,0.0
6079,807.9,0.0
6080,808.0,0.0
6081,808.1,0.0
6082,808.2,0.0
6083,808.3,0.0
6084,808.4,0.0
6085,808.5,0.0
6086,808.6,0.0
6087,808.7,0.0
6088,808.8,0.0
6089,808.9,0.0
6090,809.0,0.0
6091,809.1,0.0
6092,809.2,0.0
6093,809.3,0.0
6094,809.4,0.0
6095,809.5,0.0
6096,809.6,0.0
6097,809.7,0.0
6098,809.8,0.0
6099,809.9,0.0
6100,810.0,0.0
6101,810.1,0.0
6102,810.2,0.0
6103,810.3,0.0
6104,810.4,0.0
6105,810.5,0.0
6106,810.6,0.0
6107,810.7,0.0
6108,810.8,0.0
6109,810.9,0.0
6110,811.0,0.0
6111,811.1,0.0
6112,811.2,0.0
6113,811.3,0.0
6114,811.4,0.0
6115,811.5,0.0
6116,811.6,0.0
6117,811.7,0.0
6118,811.8,0.0
6119,811.9,0.0
6120,812.0,0.0
6121,812.1,0.0
6122,812.2,0.0
6123,812.3,0.0
6124,812.4,0.0
6125,812.5,0.0
6126,812.6,0.0
6127,812.7,0.0
6128,812.8,0.0
6129,812.9,0.0
6130,813.0,0.0
6131,813.1,0.0
6132,813.2,0.0
6133,813.3,0.0
6134,813.4,0.0
6135,813.5,0.0
6136,813.6,0.0
6137,813.7,0.0
6138,813.8,0.0
6139,813.9,0.0
6140,814.0,0.0
6141,814.1,0.0
6142,814.2,0.0
6143,814.3,0.0
6144,814.4,0.0
6145,814.5,0.0
6146,814.6,0.0
6147,814.7,0.0
6148,814.8,0.0
6149,814.9,0.0
6150,815.0,0.0
6151,815.1,0.0
6152,815.2,0.0
6153,815.3,0.0
6154,815.4,0.0
6155,815.5,0.0
6156,815.6,0.0
6157,815.7,0.0
6158,815.8,0.0
6159,815.9,0.0
6160,816.0,0.0
6161,816.1,0.0
6162,816.2,0.0
6163,816.3,0.0
6164,816.4,0.0
6165,816.5,0.0
6166,816.6,0.0
6167,816.7,0.0
6168,816.8,0.0
6169,816.9,0.0
6170,817.0,0.0
6171,817.1,0.0
6172,817.2,0.0
6173,817.3,0.0
6174,817.4,0.0
6175,817.5,0.0
6176,817.6,0.0
6177,817.7,0.0
6178,817.8,0.0
6179,817.9,0.0
6180,818.0,0.0
6181,818.1,0.0
6182,818.2,0.0
6183,818.3,0.0
6184,818.4,0.0
6185,818.5,0.0
6186,818.6,0.0
6187,818.7,0.0
6188,818.8,0.0
6189,818.9,0.0
6190,819.0,0.0
6191,819.1,0.0
6192,819.2,0.0
6193,819.3,0.0
6194,819.4,0.0
6195,819.5,0.0
6196,819.6,0.0
6197,819.7,0.0
6198,819.8,0.0
6199,819.9,0.0
6200,820.0,0.0
6201,820.1,0.0
6202,820.2,0.0
6203,820.3,0.0
6204,820.4,0.0
6205,820.5,0.0
6206,820.6,0.0
6207,820.7,0.0
6208,820.8,0.0
6209,820.9,0.0
6210,821.0,0.0
6211,821.1,0.0
6212,821.2,0.0
6213,821.3,0.0
6214,821.4,0.0
6215,821.5,0.0
6216,821.6,0.0
6217,821.7,0.0
6218,821.8,0.0
6219,821.9,0.0
6220,822.0,0.0
6221,822.1,0.0
6222,822.2,0.0
6223,822.3,0.0
6224,822.4,0.0
6225,822.5,0.0
6226,822.6,0.0
6227,822.7,0.0
6228,822.8,0.0
6229,822.9,0.0
6230,823.0,0.0
6231,823.1,0.0
6232,823.2,0.0
6233,823.3,0.0
6234,823.4,0.0
6235,823.5,0.0
6236,823.6,0.0
6237,823.7,0.0
6238,823.8,0.0
6239,823.9,0.0
6240,824.0,0.0
6241,824.1,0.0
6242,824.2,0.0
6243,824.3,0.0
6244,824.4,0.0
6245,824.5,0.0
6246,824.6,0.0
6247,824.7,0.0
6248,824.8,0.0
6249,824.9,0.0
6250,825.0,0.0
6251,825.1,0.0
6252,825.2,0.0
6253,825.3,0.0
6254,825.4,0.0
6255,825.5,0.0
6256,825.6,0.0
6257,825.7,0.0
6258,825.8,0.0
6259,825.9,0.0
6260,826.0,0.0
6261,826.1,0.0
6262,826.2,0.0
6263,826.3,0.0
6264,826.4,0.0
6265,826.5,0.0
6266,826.6,0.0
6267,826.7,0.0
6268,826.8,0.0
6269,826.9,0.0
6270,827.0,0.0
6271,827.1,0.0
6272,827.2,0.0
6273,827.3,0.0
6274,827.4,0.0
6275,827.5,0.0
6276,827.6,0.0
6277,827.7,0.0
6278,827.8,0.0
6279,827.9,0.0
6280,828.0,0.0
6281,828.1,0.0
6282,828.2,0.0
6283,828.3,0.0
6284,828.4,0.0
6285,828.5,0.0
6286,828.6,0.0
6287,828.7,0.0
6288,828.8,0.0
6289,828.9,0.0
6290,829.0,0.0
6291,829.1,0.0
6292,829.2,0.0
6293,829.3,0.0
6294,829.4,0.0
6295,829.5,0.0
6296,829.6,0.0
6297,829.7,0.0
6298,829.8,0.0
6299,829.9,0.0
6300,830.0,0.0
6301,830.1,0.0
6302,830.2,0.0
6303,830.3,0.0
6304,830.4,0.0
6305,830.5,0.0
6306,830.6,0.0
6307,830.7,0.0
6308,830.8,0.0
6309,830.9,0.0
6310,831.0,0.0
6311,831.1,0.0
6312,831.2,0.0
6313,831.3,0.0
6314,831.4,0.0
6315,831.5,0.0
6316,831.6,0.0
6317,831.7,0.0
6318,831.8,0.0
6319,831.9,0.0
6320,832.0,0.0
6321,832.1,0.0
6322,832.2,0.0
6323,832.3,0.0
6324,832.4,0.0
6325,832.5,0.0
6326,832.6,0.0
6327,832.7,0.0
6328,832.8,0.0
6329,832.9,0.0
6330,833.0,0.0
6331,833.1,0.0
6332,833.2,0.0
6333,833.3,0.0
6334,833.4,0.0
6335,833.5,0.0
6336,833.6,0.0
6337,833.7,0.0
6338,833.8,0.0
6339,833.9,0.0
6340,834.0,0.0
6341,834.1,0.0
6342,834.2,0.0
6343,834.3,0.0
6344,834.4,0.0
6345,834.5,0.0
6346,834.6,0.0
6347,834.7,0.0
6348,834.8,0.0
6349,834.9,0.0
6350,835.0,0.0
6351,835.1,0.0
6352,835.2,0.0
6353,835.3,0.0
6354,835.4,0.0
6355,835.5,0.0
6356,835.6,0.0
6357,835.7,0.0
6358,835.8,0.0
6359,835.9,0.0
6360,836.0,0.0
6361,836.1,0.0
6362,836.2,0.0
6363,836.3,0.0
6364,836.4,0.0
6365,836.5,0.0
6366,836.6,0.0
6367,836.7,0.0
6368,836.8,0.0
6369,836.9,0.0
6370,837.0,0.0
6371,837.1,0.0
6372,837.2,0.0
6373,837.3,0.0
6374,837.4,0.0
6375,837.5,0.0
6376,837.6,0.0
6377,837.7,0.0
6378,837.8,0.0
6379,837.9,0.0
6380,838.0,0.0
6381,838.1,0.0
6382,838.2,0.0
6383,838.3,0.0
6384,838.4,0.0
6385,838.5,0.0
6386,838.6,0.0
6387,838.7,0.0
6388,838.8,0.0
6389,838.9,0.0
6390,839.0,0.0
6391,839.1,0.0
6392,839.2,0.0
6393,839.3,0.0
6394,839.4,0.0
6395,839.5,0.0
6396,839.6,0.0
6397,839.7,0.0
6398,839.8,0.0
6399,839.9,0.0
6400,840.0,0.0
6401,840.1,0.0
6402,840.2,0.0
6403,840.3,0.0
6404,840.4,0.0
6405,840.5,0.0
6406,840.6,0.0
6407,840.7,0.0
6408,840.8,0.0
6409,840.9,0.0
6410,841.0,0.0
6411,841.1,0.0
6412,841.2,0.0
6413,841.3,0.0
6414,841.4,0.0
6415,841.5,0.0
6416,841.6,0.0
6417,841.7,0.0
6418,841.8,0.0
6419,841.9,0.0
6420,842.0,0.0
6421,842.1,0.0
6422,842.2,0.0
6423,842.3,0.0
6424,842.4,0.0
6425,842.5,0.0
6426,842.6,0.0
6427,842.7,0.0
6428,842.8,0.0
6429,842.9,0.0
6430,843.0,0.0
6431,843.1,0.0
6432,843.2,0.0
6433,843.3,0.0
6434,843.4,0.0
6435,843.5,0.0
6436,843.6,0.0
6437,843.7,0.0
6438,843.8,0.0
6439,843.9,0.0
6440,844.0,0.0
6441,844.1,0.0
6442,844.2,0.0
6443,844.3,0.0
6444,844.4,0.0
6445,844.5,0.0
6446,844.6,0.0
6447,844.7,0.0
6448,844.8,0.0
6449,844.9,0.0
6450,845.0,0.0
6451,845.1,0.0
6452,845.2,0.0
6453,845.3,0.0
6454,845.4,0.0
6455,845.5,0.0
6456,845.6,0.0
6457,845.7,0.0
6458,845.8,0.0
6459,845.9,0.0
6460,846.0,0.0
6461,846.1,0.0
6462,846.2,0.0
6463,846.3,0.0
6464,846.4,0.0
6465,846.5,0.0
6466,846.6,0.0
6467,846.7,0.0
6468,846.8,0.0
6469,846.9,0.0
6470,847.0,0.0
6471,847.1,0.0
6472,847.2,0.0
6473,847.3,0.0
6474,847.4,0.0
6475,847.5,0.0
6476,847.6,0.0
6477,847.7,0.0
6478,847.8,0.0
6479,847.9,0.0
6480,848.0,0.0
6481,848.1,0.0
6482,848.2,0.0
6483,848.3,0.0
6484,848.4,0.0
6485,848.5,0.0
6486,848.6,0.0
6487,848.7,0.0
6488,848.8,0.0
6489,848.9,0.0
6490,849.0,0.0
6491,849.1,0.0
6492,849.2,0.0
6493,849.3,0.0
6494,849.4,0.0
6495,849.5,0.0
6496,849.6,0.0
6497,849.7,0.0
6498,849.8,0.0
6499,849.9,0.0
6500,850.0,0.0
6501,850.1,0.0
6502,850.2,0.0
6503,850.3,0.0
6504,850.4,0.0
6505,850.5,0.0
6506,850.6,0.0
6507,850.7,0.0
6508,850.8,0.0
6509,850.9,0.0
6510,851.0,0.0
6511,851.1,0.0
6512,851.2,0.0
6513,851.3,0.0
6514,851.4,0.0
6515,851.5,0.0
6516,851.6,0.0
6517,851.7,0.0
6518,851.8,0.0
6519,851.9,0.0
6520,852.0,0.0
6521,852.1,0.0
6522,852.2,0.0
6523,852.3,0.0
6524,852.4,0.0
6525,852.5,0.0
6526,852.6,0.0
6527,852.7,0.0
6528,852.8,0.0
6529,852.9,0.0
6530,853.0,0.0
6531,853.1,0.0
6532,853.2,0.0
6533,853.3,0.0
6534,853.4,0.0
6535,853.5,0.0
6536,853.6,0.0
6537,853.7,0.0
6538,853.8,0.0
6539,853.9,0.0
6540,854.0,0.0
6541,854.1,0.0
6542,854.2,0.0
6543,854.3,0.0
6544,854.4,0.0
6545,854.5,0.0
6546,854.6,0.0
6547,854.7,0.0
6548,854.8,0.0
6549,854.9,0.0
6550,855.0,0.0
6551,855.1,0.0
6552,855.2,0.0
6553,855.3,0.0
6554,855.4,0.0
6555,855.5,0.0
6556,855.6,0.0
6557,855.7,0.0
6558,855.8,0.0
6559,855.9,0.0
6560,856.0,0.0
6561,856.1,0.0
6562,856.2,0.0
6563,856.3,0.0
6564,856.4,0.0
6565,856.5,0.0
6566,856.6,0.0
6567,856.7,0.0
6568,856.8,0.0
6569,856.9,0.0
6570,857.0,0.0
6571,857.1,0.0
6572,857.2,0.0
6573,857.3,0.0
6574,857.4,0.0
6575,857.5,0.0
6576,857.6,0.0
6577,857.7,0.0
6578,857.8,0.0
6579,857.9,0.0
6580,858.0,0.0
6581,858.1,0.0
6582,858.2,0.0
6583,858.3,0.0
6584,858.4,0.0
6585,858.5,0.0
6586,858.6,0.0
6587,858.7,0.0
6588,858.8,0.0
6589,858.9,0.0
6590,859.0,0.0
6591,859.1,0.0
6592,859.2,0.0
6593,859.3,0.0
6594,859.4,0.0
6595,859.5,0.0
6596,859.6,0.0
6597,859.7,0.0
6598,859.8,0.0
6599,859.9,0.0
6600,860.0,0.0
6601,860.1,0.0
6602,860.2,0.0
6603,860.3,0.0
6604,860.4,0.0
6605,860.5,0.0
6606,860.6,0.0
6607,860.7,0.0
6608,860.8,0.0
6609,860.9,0.0
6610,861.0,0.0
6611,861.1,0.0
6612,861.2,0.0
6613,861.3,0.0
6614,861.4,0.0
6615,861.5,0.0
6616,861.6,0.0
6617,861.7,0.0
6618,861.8,0.0
6619,861.9,0.0
6620,862.0,0.0
6621,862.1,0.0
6622,862.2,0.0
6623,862.3,0.0
6624,862.4,0.0
6625,862.5,0.0
6626,862.6,0.0
6627,862.7,0.0
6628,862.8,0.0
6629,862.9,0.0
6630,863.0,0.0
6631,863.1,0.0
6632,863.2,0.0
6633,863.3,0.0
6634,863.4,0.0
6635,863.5,0.0
6636,863.6,0.0
6637,863.7,0.0
6638,863.8,0.0
6639,863.9,0.0
6640,864.0,0.0
6641,864.1,0.0
6642,864.2,0.0
6643,864.3,0.0
6644,864.4,0.0
6645,864.5,0.0
6646,864.6,0.0
6647,864.7,0.0
6648,864.8,0.0
6649,864.9,0.0
6650,865.0,0.0
6651,865.1,0.0
6652,865.2,0.0
6653,865.3,0.0
6654,865.4,0.0
6655,865.5,0.0
6656,865.6,0.0
6657,865.7,0.0
6658,865.8,0.0
6659,865.9,0.0
6660,866.0,0.0
6661,866.1,0.0
6662,866.2,0.0
6663,866.3,0.0
6664,866.4,0.0
6665,866.5,0.0
6666,866.6,0.0
6667,866.7,0.0
6668,866.8,0.0
6669,866.9,0.0
6670,867.0,0.0
6671,867.1,0.0
6672,867.2,0.0
6673,867.3,0.0
6674,867.4,0.0
6675,867.5,0.0
6676,867.6,0.0
6677,867.7,0.0
6678,867.8,0.0
6679,867.9,0.0
6680,868.0,0.0
6681,868.1,0.0
6682,868.2,0.0
6683,868.3,0.0
6684,868.4,0.0
6685,868.5,0.0
6686,868.6,0.0
6687,868.7,0.0
6688,868.8,0.0
6689,868.9,0.0
6690,869.0,0.0
6691,869.1,0.0
6692,869.2,0.0
6693,869.3,0.0
6694,869.4,0.0
6695,869.5,0.0
6696,869.6,0.0
6697,869.7,0.0
6698,869.8,0.0
6699,869.9,0.0
6700,870.0,0.0
6701,870.1,0.0
6702,870.2,0.0
6703,870.3,0.0
6704,870.4,0.0
6705,870.5,0.0
6706,870.6,0.0
6707,870.7,0.0
6708,870.8,0.0
6709,870.9,0.0
6710,871.0,0.0
6711,871.1,0.0
6712,871.2,0.0
6713,871.3,0.0
6714,871.4,0.0
6715,871.5,0.0
6716,871.6,0.0
6717,871.7,0.0
6718,871.8,0.0
6719,871.9,0.0
6720,872.0,0.0
6721,872.1,0.0
6722,872.2,0.0
6723,872.3,0.0
6724,872.4,0.0
6725,872.5,0.0
6726,872.6,0.0
6727,872.7,0.0
6728,872.8,0.0
6729,872.9,0.0
6730,873.0,0.0
6731,873.1,0.0
6732,873.2,0.0
6733,873.3,0.0
6734,873.4,0.0
6735,873.5,0.0
6736,873.6,0.0
6737,873.7,0.0
6738,873.8,0.0
6739,873.9,0.0
6740,874.0,0.0
6741,874.1,0.0
6742,874.2,0.0
6743,874.3,0.0
6744,874.4,0.0
6745,874.5,0.0
6746,874.6,0.0
6747,874.7,0.0
6748,874.8,0.0
6749,874.9,0.0
6750,875.0,0.0
6751,875.1,0.0
6752,875.2,0.0
6753,875.3,0.0
6754,875.4,0.0
6755,875.5,0.0
6756,875.6,0.0
6757,875.7,0.0
6758,875.8,0.0
6759,875.9,0.0
6760,876.0,0.0
6761,876.1,0.0
6762,876.2,0.0
6763,876.3,0.0
6764,876.4,0.0
6765,876.5,0.0
6766,876.6,0.0
6767,876.7,0.0
6768,876.8,0.0
6769,876.9,0.0
6770,877.0,0.0
6771,877.1,0.0
6772,877.2,0.0
6773,877.3,0.0
6774,877.4,0.0
6775,877.5,0.0
6776,877.6,0.0
6777,877.7,0.0
6778,877.8,0.0
6779,877.9,0.0
6780,878.0,0.0
6781,878.1,0.0
6782,878.2,0.0
6783,878.3,0.0
6784,878.4,0.0
6785,878.5,0.0
6786,878.6,0.0
6787,878.7,0.0
6788,878.8,0.0
6789,878.9,0.0
6790,879.0,0.001
6791,879.1,0.002
6792,879.2,0.003
6793,879.3,0.006
6794,879.4,0.011
6795,879.5,0.02
6796,879.6,0.034
6797,879.7,0.058
6798,879.8,0.094
6799,879.9,0.15
6800,880.0,0.233
6801,880.1,0.353
6802,880.2,0.521
6803,880.3,0.748
6804,880.4,1.049
6805,880.5,1.432
6806,880.6,1.906
6807,880.7,2.472
6808,880.8,3.126
6809,880.9,3.854
6810,881.0,4.633
6811,881.1,5.432
6812,881.2,6.212
6813,881.3,6.935
6814,881.4,7.562
6815,881.5,8.064
6816,881.6,8.42
6817,881.7,8.629
6818,881.8,8.706
6819,881.9,8.681
6820,882.0,8.599
6821,882.1,8.512
6822,882.2,8.472
6823,882.3,8.524
6824,882.4,8.698
6825,882.5,9.004
6826,882.6,9.431
6827,882.7,9.944
6828,882.8,10.49
6829,882.9,11.01
6830,883.0,11.43
6831,883.1,11.69
6832,883.2,11.74
6833,883.3,11.56
6834,883.4,11.12
6835,883.5,10.46
6836,883.6,9.607
6837,883.7,8.607
6838,883.8,7.522
6839,883.9,6.41
6840,884.0,5.326
6841,884.1,4.315
6842,884.2,3.408
6843,884.3,2.625
6844,884.4,1.972
6845,884.5,1.446
6846,884.6,1.039
6847,884.7,0.736
6848,884.8,0.522
6849,884.9,0.383
6850,885.0,0.31
6851,885.1,0.293
6852,885.2,0.332
6853,885.3,0.426
6854,885.4,0.581
6855,885.5,0.805
6856,885.6,1.104
6857,885.7,1.487
6858,885.8,1.959
6859,885.9,2.518
6860,886.0,3.156
6861,886.1,3.858
6862,886.2,4.598
6863,886.3,5.342
6864,886.4,6.051
6865,886.5,6.682
6866,886.6,7.193
6867,886.7,7.549
6868,886.8,7.724
6869,886.9,7.704
6870,887.0,7.492
6871,887.1,7.102
6872,887.2,6.564
6873,887.3,5.914
6874,887.4,5.195
6875,887.5,4.448
6876,887.6,3.713
6877,887.7,3.022
6878,887.8,2.398
6879,887.9,1.855
6880,888.0,1.399
6881,888.1,1.028
6882,888.2,0.737
6883,888.3,0.515
6884,888.4,0.351
6885,888.5,0.233
6886,888.6,0.151
6887,888.7,0.095
6888,888.8,0.059
6889,888.9,0.035
6890,889.0,0.021
6891,889.1,0.012
6892,889.2,0.007
6893,889.3,0.004
6894,889.4,0.002
6895,889.5,0.001
6896,889.6,0.0
6897,889.7,0.0
6898,889.8,0.0
6899,889.9,0.0
6900,890.0,0.0
6901,890.1,0.0
6902,890.2,0.0
6903,890.3,0.0
6904,890.4,0.0
6905,890.5,0.0
6906,890.6,0.0
6907,890.7,0.0
6908,890.8,0.0
6909,890.9,0.0
6910,891.0,0.0
6911,891.1,0.0
6912,891.2,0.0
6913,891.3,0.0
6914,891.4,0.0
6915,891.5,0.0
6916,891.6,0.0
6917,891.7,0.0
6918,891.8,0.0
6919,891.9,0.0
6920,892.0,0.0
6921,892.1,0.0
6922,892.2,0.0
6923,892.3,0.0
6924,892.4,0.0
6925,892.5,0.0
6926,892.6,0.0
6927,892.7,0.0
6928,892.8,0.0
6929,892.9,0.0
6930,893.0,0.0
6931,893.1,0.0
6932,893.2,0.0
6933,893.3,0.0
6934,893.4,0.0
6935,893.5,0.0
6936,893.6,0.0
6937,893.7,0.0
6938,893.8,0.0
6939,893.9,0.0
6940,894.0,0.0
6941,894.1,0.0
6942,894.2,0.0
6943,894.3,0.0
6944,894.4,0.0
6945,894.5,0.0
6946,894.6,0.0
6947,894.7,0.0
6948,894.8,0.0
6949,894.9,0.0
6950,895.0,0.0
6951,895.1,0.0
6952,895.2,0.0
6953,895.3,0.0
6954,895.4,0.0
6955,895.5,0.0
6956,895.6,0.0
6957,895.7,0.0
6958,895.8,0.0
6959,895.9,0.0
6960,896.0,0.0
6961,896.1,0.0
6962,896.2,0.0
6963,896.3,0.0
6964,896.4,0.0
6965,896.5,0.0
6966,896.6,0.0
6967,896.7,0.0
6968,896.8,0.0
6969,896.9,0.0
6970,897.0,0.0
6971,897.1,0.0
6972,897.2,0.0
6973,897.3,0.0
6974,897.4,0.0
6975,897.5,0.0
6976,897.6,0.0
6977,897.7,0.0
6978,897.8,0.0
6979,897.9,0.0
6980,898.0,0.0
6981,898.1,0.0
6982,898.2,0.0
6983,898.3,0.0
6984,898.4,0.0
6985,898.5,0.0
6986,898.6,0.0
6987,898.7,0.0
6988,898.8,0.0
6989,898.9,0.0
6990,899.0,0.0
6991,899.1,0.0
6992,899.2,0.0
6993,899.3,0.0
6994,899.4,0.0
6995,899.5,0.0
6996,899.6,0.0
6997,899.7,0.0
6998,899.8,0.0
6999,899.9,0.0
7000,900.0,0.0
7001,900.1,0.0
7002,900.2,0.0
7003,900.3,0.0
7004,900.4,0.0
7005,900.5,0.0
7006,900.6,0.0
7007,900.7,0.0
7008,900.8,0.0
7009,900.9,0.0
7010,901.0,0.0
7011,901.1,0.0
7012,901.2,0.0
7013,901.3,0.0
7014,901.4,0.0
7015,901.5,0.0
7016,901.6,0.0
7017,901.7,0.0
7018,901.8,0.0
7019,901.9,0.0
7020,902.0,0.0
7021,902.1,0.0
7022,902.2,0.0
7023,902.3,0.0
7024,902.4,0.0
7025,902.5,0.0
7026,902.6,0.0
7027,902.7,0.0
7028,902.8,0.0
7029,902.9,0.0
7030,903.0,0.0
7031,903.1,0.0
7032,903.2,0.0
7033,903.3,0.0
7034,903.4,0.0
7035,903.5,0.0
7036,903.6,0.0
7037,903.7,0.0
7038,903.8,0.0
7039,903.9,0.0
7040,904.0,0.0
7041,904.1,0.0
7042,904.2,0.0
7043,904.3,0.0
7044,904.4,0.0
7045,904.5,0.0
7046,904.6,0.0
7047,904.7,0.0
7048,904.8,0.0
7049,904.9,0.0
7050,905.0,0.0
7051,905.1,0.0
7052,905.2,0.0
7053,905.3,0.0
7054,905.4,0.0
7055,905.5,0.0
7056,905.6,0.0
7057,905.7,0.0
7058,905.8,0.0
7059,905.9,0.0
7060,906.0,0.0
7061,906.1,0.0
7062,906.2,0.0
7063,906.3,0.0
7064,906.4,0.0
7065,906.5,0.0
7066,906.6,0.0
7067,906.7,0.0
7068,906.8,0.0
7069,906.9,0.0
7070,907.0,0.0
7071,907.1,0.0
7072,907.2,0.0
7073,907.3,0.0
7074,907.4,0.0
7075,907.5,0.0
7076,907.6,0.0
7077,907.7,0.0
7078,907.8,0.0
7079,907.9,0.0
7080,908.0,0.0
7081,908.1,0.0
7082,908.2,0.0
7083,908.3,0.0
7084,908.4,0.0
7085,908.5,0.0
7086,908.6,0.0
7087,908.7,0.0
7088,908.8,0.0
7089,908.9,0.0
7090,909.0,0.0
7091,909.1,0.0
7092,909.2,0.0
7093,909.3,0.0
7094,909.4,0.0
7095,909.5,0.0
7096,909.6,0.0
7097,909.7,0.0
7098,909.8,0.0
7099,909.9,0.0
7100,910.0,0.0
7101,910.1,0.0
7102,910.2,0.0
7103,910.3,0.0
7104,910.4,0.0
7105,910.5,0.0
7106,910.6,0.0
7107,910.7,0.0
7108,910.8,0.0
7109,910.9,0.0
7110,911.0,0.0
7111,911.1,0.0
7112,911.2,0.0
7113,911.3,0.0
7114,911.4,0.0
7115,911.5,0.0
7116,911.6,0.0
7117,911.7,0.0
7118,911.8,0.0
7119,911.9,0.0
7120,912.0,0.0
7121,912.1,0.0
7122,912.2,0.0
7123,912.3,0.0
7124,912.4,0.0
7125,912.5,0.0
7126,912.6,0.0
7127,912.7,0.0
7128,912.8,0.0
7129,912.9,0.0
7130,913.0,0.0
7131,913.1,0.0
7132,913.2,0.0
7133,913.3,0.0
7134,913.4,0.0
7135,913.5,0.0
7136,913.6,0.0
7137,913.7,0.0
7138,913.8,0.0
7139,913.9,0.0
7140,914.0,0.0
7141,914.1,0.0
7142,914.2,0.0
7143,914.3,0.0
7144,914.4,0.0
7145,914.5,0.0
7146,914.6,0.0
7147,914.7,0.0
7148,914.8,0.0
7149,914.9,0.0
7150,915.0,0.0
7151,915.1,0.0
7152,915.2,0.0
7153,915.3,0.0
7154,915.4,0.0
7155,915.5,0.0
7156,915.6,0.0
7157,915.7,0.0
7158,915.8,0.0
7159,915.9,0.0
7160,916.0,0.0
7161,916.1,0.0
7162,916.2,0.0
7163,916.3,0.0
7164,916.4,0.0
7165,916.5,0.0
7166,916.6,0.0
7167,916.7,0.0
7168,916.8,0.0
7169,916.9,0.0
7170,917.0,0.0
7171,917.1,0.0
7172,917.2,0.0
7173,917.3,0.0
7174,917.4,0.0
7175,917.5,0.0
7176,917.6,0.0
7177,917.7,0.0
7178,917.8,0.0
7179,917.9,0.0
7180,918.0,0.0
7181,918.1,0.0
7182,918.2,0.0
7183,918.3,0.0
7184,918.4,0.0
7185,918.5,0.0
7186,918.6,0.0
7187,918.7,0.0
7188,918.8,0.0
7189,918.9,0.0
7190,919.0,0.0
7191,919.1,0.0
7192,919.2,0.0
7193,919.3,0.0
7194,919.4,0.0
7195,919.5,0.0
7196,919.6,0.0
7197,919.7,0.0
7198,919.8,0.0
7199,919.9,0.0
7200,920.0,0.0
7201,920.1,0.0
7202,920.2,0.0
7203,920.3,0.0
7204,920.4,0.0
7205,920.5,0.0
7206,920.6,0.0
7207,920.7,0.0
7208,920.8,0.0
7209,920.9,0.0
7210,921.0,0.0
7211,921.1,0.0
7212,921.2,0.0
7213,921.3,0.0
7214,921.4,0.0
7215,921.5,0.0
7216,921.6,0.0
7217,921.7,0.0
7218,921.8,0.0
7219,921.9,0.0
7220,922.0,0.0
7221,922.1,0.0
7222,922.2,0.0
7223,922.3,0.0
7224,922.4,0.0
7225,922.5,0.0
7226,922.6,0.0
7227,922.7,0.0
7228,922.8,0.0
7229,922.9,0.0
7230,923.0,0.0
7231,923.1,0.0
7232,923.2,0.0
7233,923.3,0.0
7234,923.4,0.0
7235,923.5,0.0
7236,923.6,0.0
7237,923.7,0.0
7238,923.8,0.0
7239,923.9,0.0
7240,924.0,0.0
7241,924.1,0.0
7242,924.2,0.0
7243,924.3,0.0
7244,924.4,0.0
7245,924.5,0.0
7246,924.6,0.0
7247,924.7,0.0
7248,924.8,0.0
7249,924.9,0.0
7250,925.0,0.0
7251,925.1,0.0
7252,925.2,0.0
7253,925.3,0.0
7254,925.4,0.0
7255,925.5,0.0
7256,925.6,0.0
7257,925.7,0.0
7258,925.8,0.0
7259,925.9,0.0
7260,926.0,0.0
7261,926.1,0.0
7262,926.2,0.0
7263,926.3,0.0
7264,926.4,0.0
7265,926.5,0.0
7266,926.6,0.0
7267,926.7,0.0
7268,926.8,0.0
7269,926.9,0.0
7270,927.0,0.0
7271,927.1,0.0
7272,927.2,0.0
7273,927.3,0.0
7274,927.4,0.0
7275,927.5,0.0
7276,927.6,0.0
7277,927.7,0.0
7278,927.8,0.0
7279,927.9,0.0
7280,928.0,0.0
7281,928.1,0.0
7282,928.2,0.0
7283,928.3,0.0
7284,928.4,0.0
7285,928.5,0.0
7286,928.6,0.0
7287,928.7,0.0
7288,928.8,0.0
7289,928.9,0.0
7290,929.0,0.0
7291,929.1,0.0
7292,929.2,0.0
7293,929.3,0.0
7294,929.4,0.0
7295,929.5,0.0
7296,929.6,0.0
7297,929.7,0.0
7298,929.8,0.0
7299,929.9,0.0
7300,930.0,0.0
7301,930.1,0.0
7302,930.2,0.0
7303,930.3,0.0
7304,930.4,0.0
7305,930.5,0.0
7306,930.6,0.0
7307,930.7,0.0
7308,930.8,0.0
7309,930.9,0.0
7310,931.0,0.0
7311,931.1,0.0
7312,931.2,0.0
7313,931.3,0.0
7314,931.4,0.0
7315,931.5,0.0
7316,931.6,0.0
7317,931.7,0.0
7318,931.8,0.0
7319,931.9,0.0
7320,932.0,0.0
7321,932.1,0.0
7322,932.2,0.0
7323,932.3,0.0
7324,932.4,0.0
7325,932.5,0.0
7326,932.6,0.0
7327,932.7,0.0
7328,932.8,0.0
7329,932.9,0.0
7330,933.0,0.0
7331,933.1,0.0
7332,933.2,0.0
7333,933.3,0.0
7334,933.4,0.0
7335,933.5,0.0
7336,933.6,0.0
7337,933.7,0.0
7338,933.8,0.0
7339,933.9,0.0
7340,934.0,0.0
7341,934.1,0.0
7342,934.2,0.0
7343,934.3,0.0
7344,934.4,0.0
7345,934.5,0.0
7346,934.6,0.0
7347,934.7,0.0
7348,934.8,0.0
7349,934.9,0.0
7350,935.0,0.0
7351,935.1,0.0
7352,935.2,0.0
7353,935.3,0.0
7354,935.4,0.0
7355,935.5,0.0
7356,935.6,0.0
7357,935.7,0.0
7358,935.8,0.0
7359,935.9,0.0
7360,936.0,0.0
7361,936.1,0.0
7362,936.2,0.0
7363,936.3,0.0
7364,936.4,0.0
7365,936.5,0.0
7366,936.6,0.0
7367,936.7,0.0
7368,936.8,0.0
7369,936.9,0.0
7370,937.0,0.0
7371,937.1,0.0
7372,937.2,0.0
7373,937.3,0.0
7374,937.4,0.0
7375,937.5,0.0
7376,937.6,0.0
7377,937.7,0.0
7378,937.8,0.0
7379,937.9,0.0
7380,938.0,0.0
7381,938.1,0.0
7382,938.2,0.0
7383,938.3,0.0
7384,938.4,0.0
7385,938.5,0.0
7386,938.6,0.0
7387,938.7,0.0
7388,938.8,0.0
7389,938.9,0.0
7390,939.0,0.0
7391,939.1,0.0
7392,939.2,0.0
7393,939.3,0.0
7394,939.4,0.0
7395,939.5,0.0
7396,939.6,0.0
7397,939.7,0.0
7398,939.8,0.0
7399,939.9,0.0
7400,940.0,0.0
7401,940.1,0.0
7402,940.2,0.0
7403,940.3,0.0
7404,940.4,0.0
7405,940.5,0.0
7406,940.6,0.0
7407,940.7,0.0
7408,940.8,0.0
7409,940.9,0.0
7410,941.0,0.0
7411,941.1,0.0
7412,941.2,0.0
7413,941.3,0.0
7414,941.4,0.0
7415,941.5,0.0
7416,941.6,0.0
7417,941.7,0.0
7418,941.8,0.0
7419,941.9,0.0
7420,942.0,0.0
7421,942.1,0.0
7422,942.2,0.0
7423,942.3,0.0
7424,942.4,0.0
7425,942.5,0.0
7426,942.6,0.0
7427,942.7,0.0
7428,942.8,0.0
7429,942.9,0.0
7430,943.0,0.0
7431,943.1,0.0
7432,943.2,0.0
7433,943.3,0.0
7434,943.4,0.0
7435,943.5,0.0
7436,943.6,0.0
7437,943.7,0.0
7438,943.8,0.0
7439,943.9,0.0
7440,944.0,0.0
7441,944.1,0.0
7442,944.2,0.0
7443,944.3,0.0
7444,944.4,0.0
7445,944.5,0.0
7446,944.6,0.0
7447,944.7,0.0
7448,944.8,0.0
7449,944.9,0.0
7450,945.0,0.0
7451,945.1,0.0
7452,945.2,0.0
7453,945.3,0.0
7454,945.4,0.0
7455,945.5,0.0
7456,945.6,0.0
7457,945.7,0.0
7458,945.8,0.0
7459,945.9,0.0
7460,946.0,0.0
7461,946.1,0.0
7462,946.2,0.0
7463,946.3,0.0
7464,946.4,0.0
7465,946.5,0.0
7466,946.6,0.0
7467,946.7,0.0
7468,946.8,0.0
7469,946.9,0.0
7470,947.0,0.0
7471,947.1,0.0
7472,947.2,0.0
7473,947.3,0.0
7474,947.4,0.0
7475,947.5,0.0
7476,947.6,0.0
7477,947.7,0.0
7478,947.8,0.0
7479,947.9,0.0
7480,948.0,0.0
7481,948.1,0.0
7482,948.2,0.0
7483,948.3,0.0
7484,948.4,0.0
7485,948.5,0.0
7486,948.6,0.0
7487,948.7,0.0
7488,948.8,0.0
7489,948.9,0.0
7490,949.0,0.0
7491,949.1,0.0
7492,949.2,0.0
7493,949.3,0.0
7494,949.4,0.0
7495,949.5,0.0
7496,949.6,0.0
7497,949.7,0.0
7498,949.8,0.0
7499,949.9,0.0
7500,950.0,0.0
7501,950.1,0.0
7502,950.2,0.0
7503,950.3,0.0
7504,950.4,0.0
7505,950.5,0.0
7506,950.6,0.0
7507,950.7,0.0
7508,950.8,0.0
7509,950.9,0.0
7510,951.0,0.0
7511,951.1,0.0
7512,951.2,0.0
7513,951.3,0.0
7514,951.4,0.0
7515,951.5,0.0
7516,951.6,0.0
7517,951.7,0.0
7518,951.8,0.0
7519,951.9,0.0
7520,952.0,0.0
7521,952.1,0.0
7522,952.2,0.0
7523,952.3,0.0
7524,952.4,0.0
7525,952.5,0.0
7526,952.6,0.0
7527,952.7,0.0
7528,952.8,0.0
7529,952.9,0.0
7530,953.0,0.0
7531,953.1,0.0
7532,953.2,0.0
7533,953.3,0.0
7534,953.4,0.0
7535,953.5,0.0
7536,953.6,0.0
7537,953.7,0.0
7538,953.8,0.0
7539,953.9,0.0
7540,954.0,0.0
7541,954.1,0.0
7542,954.2,0.0
7543,954.3,0.0
7544,954.4,0.0
7545,954.5,0.0
7546,954.6,0.0
7547,954.7,0.0
7548,954.8,0.0
7549,954.9,0.0
7550,955.0,0.0
7551,955.1,0.0
7552,955.2,0.0
7553,955.3,0.0
7554,955.4,0.0
7555,955.5,0.0
7556,955.6,0.0
7557,955.7,0.0
7558,955.8,0.0
7559,955.9,0.0
7560,956.0,0.0
7561,956.1,0.0
7562,956.2,0.0
7563,956.3,0.0
7564,956.4,0.0
7565,956.5,0.0
7566,956.6,0.0
7567,956.7,0.0
7568,956.8,0.0
7569,956.9,0.0
7570,957.0,0.0
7571,957.1,0.0
7572,957.2,0.0
7573,957.3,0.0
7574,957.4,0.0
7575,957.5,0.0
7576,957.6,0.0
7577,957.7,0.0
7578,957.8,0.0
7579,957.9,0.0
7580,958.0,0.0
7581,958.1,0.0
7582,958.2,0.0
7583,958.3,0.0
7584,958.4,0.0
7585,958.5,0.0
7586,958.6,0.0
7587,958.7,0.0
7588,958.8,0.0
7589,958.9,0.0
7590,959.0,0.0
7591,959.1,0.0
7592,959.2,0.0
7593,959.3,0.0
7594,959.4,0.0
7595,959.5,0.0
7596,959.6,0.0
7597,959.7,0.0
7598,959.8,0.0
7599,959.9,0.0
7600,960.0,0.0
7601,960.1,0.0
7602,960.2,0.0
7603,960.3,0.0
7604,960.4,0.0
7605,960.5,0.0
7606,960.6,0.0
7607,960.7,0.0
7608,960.8,0.0
7609,960.9,0.0
7610,961.0,0.0
7611,961.1,0.0
7612,961.2,0.0
7613,961.3,0.0
7614,961.4,0.0
7615,961.5,0.0
7616,961.6,0.0
7617,961.7,0.0
7618,961.8,0.0
7619,961.9,0.0
7620,962.0,0.0
7621,962.1,0.0
7622,962.2,0.0
7623,962.3,0.0
7624,962.4,0.0
7625,962.5,0.0
7626,962.6,0.0
7627,962.7,0.0
7628,962.8,0.0
7629,962.9,0.0
7630,963.0,0.0
7631,963.1,0.0
7632,963.2,0.0
7633,963.3,0.0
7634,963.4,0.0
7635,963.5,0.0
7636,963.6,0.0
7637,963.7,0.0
7638,963.8,0.0
7639,963.9,0.0
7640,964.0,0.0
7641,964.1,0.0
7642,964.2,0.0
7643,964.3,0.0
7644,964.4,0.0
7645,964.5,0.0
7646,964.6,0.0
7647,964.7,0.0
7648,964.8,0.0
7649,964.9,0.0
7650,965.0,0.0
7651,965.1,0.0
7652,965.2,0.0
7653,965.3,0.0
7654,965.4,0.0
7655,965.5,0.0
7656,965.6,0.0
7657,965.7,0.0
7658,965.8,0.0
7659,965.9,0.0
7660,966.0,0.0
7661,966.1,0.0
7662,966.2,0.0
7663,966.3,0.0
7664,966.4,0.0
7665,966.5,0.0
7666,966.6,0.0
7667,966.7,0.0
7668,966.8,0.0
7669,966.9,0.0
7670,967.0,0.0
7671,967.1,0.0
7672,967.2,0.0
7673,967.3,0.0
7674,967.4,0.0
7675,967.5,0.0
7676,967.6,0.0
7677,967.7,0.0
7678,967.8,0.0
7679,967.9,0.0
7680,968.0,0.0
7681,968.1,0.0
7682,968.2,0.0
7683,968.3,0.0
7684,968.4,0.0
7685,968.5,0.0
7686,968.6,0.0
7687,968.7,0.0
7688,968.8,0.0
7689,968.9,0.0
7690,969.0,0.0
7691,969.1,0.0
7692,969.2,0.0
7693,969.3,0.0
7694,969.4,0.0
7695,969.5,0.0
7696,969.6,0.0
7697,969.7,0.0
7698,969.8,0.0
7699,969.9,0.0
7700,970.0,0.0
7701,970.1,0.0
7702,970.2,0.0
7703,970.3,0.0
7704,970.4,0.0
7705,970.5,0.0
7706,970.6,0.0
7707,970.7,0.0
7708,970.8,0.0
7709,970.9,0.0
7710,971.0,0.0
7711,971.1,0.0
7712,971.2,0.0
7713,971.3,0.0
7714,971.4,0.0
7715,971.5,0.0
7716,971.6,0.0
7717,971.7,0.0
7718,971.8,0.0
7719,971.9,0.0
7720,972.0,0.0
7721,972.1,0.0
7722,972.2,0.0
7723,972.3,0.0
7724,972.4,0.0
7725,972.5,0.0
7726,972.6,0.0
7727,972.7,0.0
7728,972.8,0.0
7729,972.9,0.0
7730,973.0,0.0
7731,973.1,0.0
7732,973.2,0.0
7733,973.3,0.0
7734,973.4,0.0
7735,973.5,0.0
7736,973.6,0.0
7737,973.7,0.0
7738,973.8,0.0
7739,973.9,0.0
7740,974.0,0.0
7741,974.1,0.0
7742,974.2,0.0
7743,974.3,0.0
7744,974.4,0.0
7745,974.5,0.0
7746,974.6,0.0
7747,974.7,0.0
7748,974.8,0.0
7749,974.9,0.0
7750,975.0,0.0
7751,975.1,0.0
7752,975.2,0.0
7753,975.3,0.0
7754,975.4,0.0
7755,975.5,0.0
7756,975.6,0.0
7757,975.7,0.0
7758,975.8,0.0
7759,975.9,0.0
7760,976.0,0.0
7761,976.1,0.0
7762,976.2,0.0
7763,976.3,0.0
7764,976.4,0.0
7765,976.5,0.0
7766,976.6,0.0
7767,976.7,0.0
7768,976.8,0.0
7769,976.9,0.0
7770,977.0,0.0
7771,977.1,0.0
7772,977.2,0.0
7773,977.3,0.0
7774,977.4,0.0
7775,977.5,0.0
7776,977.6,0.0
7777,977.7,0.0
7778,977.8,0.0
7779,977.9,0.0
7780,978.0,0.0
7781,978.1,0.0
7782,978.2,0.0
7783,978.3,0.0
7784,978.4,0.0
7785,978.5,0.0
7786,978.6,0.0
7787,978.7,0.0
7788,978.8,0.0
7789,978.9,0.0
7790,979.0,0.0
7791,979.1,0.0
7792,979.2,0.0
7793,979.3,0.0
7794,979.4,0.0
7795,979.5,0.0
7796,979.6,0.0
7797,979.7,0.0
7798,979.8,0.0
7799,979.9,0.0
7800,980.0,0.0
7801,980.1,0.0
7802,980.2,0.0
7803,980.3,0.0
7804,980.4,0.0
7805,980.5,0.0
7806,980.6,0.0
7807,980.7,0.0
7808,980.8,0.0
7809,980.9,0.0
7810,981.0,0.0
7811,981.1,0.0
7812,981.2,0.0
7813,981.3,0.0
7814,981.4,0.0
7815,981.5,0.0
7816,981.6,0.0
7817,981.7,0.0
7818,981.8,0.0
7819,981.9,0.0
7820,982.0,0.0
7821,982.1,0.0
7822,982.2,0.0
7823,982.3,0.0
7824,982.4,0.0
7825,982.5,0.0
7826,982.6,0.0
7827,982.7,0.0
7828,982.8,0.0
7829,982.9,0.0
7830,983.0,0.0
7831,983.1,0.0
7832,983.2,0.0
7833,983.3,0.0
7834,983.4,0.0
7835,983.5,0.0
7836,983.6,0.0
7837,983.7,0.0
7838,983.8,0.0
7839,983.9,0.0
7840,984.0,0.0
7841,984.1,0.0
7842,984.2,0.0
7843,984.3,0.0
7844,984.4,0.0
7845,984.5,0.0
7846,984.6,0.0
7847,984.7,0.0
7848,984.8,0.0
7849,984.9,0.0
7850,985.0,0.0
7851,985.1,0.0
7852,985.2,0.0
7853,985.3,0.0
7854,985.4,0.0
7855,985.5,0.0
7856,985.6,0.0
7857,985.7,0.0
7858,985.8,0.0
7859,985.9,0.0
7860,986.0,0.0
7861,986.1,0.0
7862,986.2,0.0
7863,986.3,0.0
7864,986.4,0.0
7865,986.5,0.0
7866,986.6,0.0
7867,986.7,0.0
7868,986.8,0.0
7869,986.9,0.0
7870,987.0,0.0
7871,987.1,0.0
7872,987.2,0.0
7873,987.3,0.0
7874,987.4,0.0
7875,987.5,0.0
7876,987.6,0.0
7877,987.7,0.0
7878,987.8,0.0
7879,987.9,0.0
7880,988.0,0.0
7881,988.1,0.0
7882,988.2,0.0
7883,988.3,0.0
7884,988.4,0.0
7885,988.5,0.0
7886,988.6,0.0
7887,988.7,0.0
7888,988.8,0.0
7889,988.9,0.0
7890,989.0,0.0
7891,989.1,0.0
7892,989.2,0.0
7893,989.3,0.0
7894,989.4,0.0
7895,989.5,0.0
7896,989.6,0.0
7897,989.7,0.0
7898,989.8,0.0
7899,989.9,0.0
7900,990.0,0.0
7901,990.1,0.0
7902,990.2,0.0
7903,990.3,0.0
7904,990.4,0.0
7905,990.5,0.0
7906,990.6,0.0
7907,990.7,0.0
7908,990.8,0.0
7909,990.9,0.0
7910,991.0,0.0
7911,991.1,0.0
7912,991.2,0.0
7913,991.3,0.0
7914,991.4,0.0
7915,991.5,0.0
7916,991.6,0.0
7917,991.7,0.0
7918,991.8,0.0
7919,991.9,0.0
7920,992.0,0.0
7921,992.1,0.0
7922,992.2,0.0
7923,992.3,0.0
7924,992.4,0.0
7925,992.5,0.0
7926,992.6,0.0
7927,992.7,0.0
7928,992.8,0.0
7929,992.9,0.0
7930,993.0,0.0
7931,993.1,0.0
7932,993.2,0.0
7933,993.3,0.0
7934,993.4,0.0
7935,993.5,0.0
7936,993.6,0.0
7937,993.7,0.0
7938,993.8,0.0
7939,993.9,0.0
7940,994.0,0.0
7941,994.1,0.0
7942,994.2,0.0
7943,994.3,0.0
7944,994.4,0.0
7945,994.5,0.0
7946,994.6,0.0
7947,994.7,0.0
7948,994.8,0.0
7949,994.9,0.0
7950,995.0,0.0
7951,995.1,0.0
7952,995.2,0.0
7953,995.3,0.0
7954,995.4,0.0
7955,995.5,0.0
7956,995.6,0.0
7957,995.7,0.0
7958,995.8,0.0
7959,995.9,0.0
7960,996.0,0.0
7961,996.1,0.0
7962,996.2,0.0
7963,996.3,0.0
7964,996.4,0.0
7965,996.5,0.0
7966,996.6,0.0
7967,996.7,0.0
7968,996.8,0.0
7969,996.9,0.0
7970,997.0,0.0
7971,997.1,0.0
7972,997.2,0.0
7973,997.3,0.0
7974,997.4,0.0
7975,997.5,0.0
7976,997.6,0.0
7977,997.7,0.0
7978,997.8,0.0
7979,997.9,0.0
7980,998.0,0.0
7981,998.1,0.0
7982,998.2,0.0
7983,998.3,0.0
7984,998.4,0.0
7985,998.5,0.0
7986,998.6,0.0
7987,998.7,0.0
7988,998.8,0.0
7989,998.9,0.0
7990,999.0,0.0
7991,999.1,0.0
7992,999.2,0.0
7993,999.3,0.0
7994,999.4,0.0
7995,999.5,0.0
7996,999.6,0.0
7997,999.7,0.0
7998,999.8,0.0
7999,999.9,0.0
